46042.21409781994       -9.121776100000005
46109.31814388687       -9.136169625000008
46104.43455360791       -9.135348350000001
46104.77426488738       -9.13541085
46105.336917200046       -9.135495800000001
46105.83587876896       -9.135573399999998
46106.292380253544       -9.135645725000003
46106.717036855334       -9.135713875000008
46107.12046424977       -9.13577797500001
46107.49204523598       -9.135837824999996
46107.84239576573       -9.13589312500001
46108.16089855756       -9.135943550000007
46108.68112451563       -9.135996325000008
46109.349995086544       -9.136052399999997
46110.12504772453       -9.136108225000001
46110.9638179973       -9.136159974999998
46111.834456443474       -9.136208400000001
46112.72634701884       -9.136253175000007
46113.597018743996       -9.136293699999996
46114.42523393389       -9.136329325000005
46115.17913505196       -9.136359275000004
46115.816244197165       -9.136382650000002
46116.31531917555       -9.136398400000004
46116.623261750276       -9.136405150000002
46116.71883055362       -9.136401925000001
46116.5807867902       -9.136388750000009
46116.20913255768       -9.136367925000002
46115.635729045774       -9.136344625000007
46114.88182046311       -9.136326775
46114.021742624296       -9.136323525000009
46113.097973183314       -9.136343100000005
46112.1848399693       -9.136390950000006
46111.292959867504       -9.1364691
46110.443566284404       -9.13657705
46109.61542260536       -9.136713725000007
46108.77667686035       -9.136879274999998
46107.89547941163       -9.137076225000001
46106.93998313692       -9.137309600000009
46105.88896010467       -9.137586624999997
46104.710568831826       -9.137916375000003
46103.36235629993       -9.138309825000007
46101.79126072962       -9.13877995
46099.95484526285       -9.139342374999998
46097.75761190271       -9.140015875000003
46095.114701831764       -9.140823249999997
46091.87760882056       -9.141792300000006
46087.9085001374       -9.142956775000002
46082.974122409345       -9.144357999999997
46076.82015513265       -9.146046150000004
46069.11824388246       -9.148082450000004
46059.43433449616       -9.150541275000009
46047.27134426697       -9.153512974999998
46031.98467917002       -9.15710725000001
46012.78283304227       -9.161457200000001
45988.67530662201       -9.166724375000001
45958.389342442264       -9.173104875000007
45920.25594321233       -9.180837050000008
45872.06595153301       -9.190210475
45810.791984989744       -9.201577275000005
45732.179558934324       -9.215362374999998
45629.456936012684       -9.232260875000009
45515.3828368586       -9.249670725000001
45394.06759358985       -9.266805650000009
45265.57067435183       -9.28361910000001
45129.20676464718       -9.300209175000006
44985.132086117774       -9.316539275000011
44834.11485001783       -9.332485724999998
44676.05325947751       -9.348066000000003
44510.092825326254       -9.36338892500001
44336.346237125515       -9.378457449999999
44156.20083796581       -9.393135600000008
43969.4972603628       -9.407456425000007
43774.994480885085       -9.421543050000011
43573.07403098253       -9.435379075
43365.4941957225       -9.44884362500001
43151.94742717058       -9.46197445
42930.68320909211       -9.474903175000009
42702.657188576944       -9.487582650000007
42469.67132734179       -9.4999167
42231.33399018517       -9.51194240000001
41985.371469511556       -9.523798299999996
41733.74902556168       -9.53540310000001
41478.06616073145       -9.546694775000006
41217.85622374716       -9.557708575000007
40949.942850685824       -9.568588724999998
40677.55116366601       -9.579212075000001
40401.62190333902       -9.589550275000008
40121.68833499188       -9.599630825000006
39833.65888760882       -9.609603575000008
39542.579824012384       -9.619304100000008
39248.36773726327       -9.628744249999997
38950.64914965926       -9.63794427500001
38643.98456734408       -9.647066550000005
38336.27396402016       -9.655892475000002
38025.50583728514       -9.664484900000005
37713.444513718576       -9.672876925000011
37395.65978156272       -9.681204975
37077.59019155654       -9.689301299999997
36757.16433821091       -9.697207175000003
36431.7052806813       -9.704979925000004
36101.40465306164       -9.712615100000008
35771.17451007727       -9.720015775000007
35439.06865262614       -9.727229350000002
35099.75620785633       -9.734357875
34759.37828935845       -9.7412913
34419.701527713936       -9.748054400000001
34086.24804300979       -9.754761650000006
33739.69093403064       -9.761619975000002
33395.02708231193       -9.76830492500001
33049.53093380484       -9.774865425000002
32700.922170721453       -9.781347199999999
32348.779526505736       -9.78773120000001
32009.095337799485       -9.793792550000006
31673.948044351662       -9.799699875000002
31348.50974253489       -9.805414875000011
31041.271332369313       -9.811010425000006
30752.03073198111       -9.816465725
30478.121779097008       -9.82181245000001
30224.860145612747       -9.826975125000004
29994.284051087616       -9.831972100000002
29799.412364267213       -9.83670325
29648.081785748913       -9.841183400000006
29549.817294650416       -9.845387200000005
29508.10363033733       -9.849228275000002
29528.895302784844       -9.85247815000001
29602.09854142513       -9.855265325000005
29715.01131728272       -9.857737825000001
29854.671715147342       -9.860039299999997
30018.570011340867       -9.862245575000003
30201.700743440688       -9.864446775000005
30416.098083278837       -9.866742799999997
30649.36633078463       -9.869211325000009
30890.82449204795       -9.871965450000005
31142.250949582194       -9.875136475000005
31407.632455472147       -9.87893815000001
31704.667286797492       -9.883857700000007
32119.117192245205       -9.89197832500001
32649.023764101803       -9.901425674999999
32961.965463017645       -9.905971750000006
33115.872359748886       -9.907982224999998
33182.88179560276       -9.90859457500001
33186.17507524133       -9.90819845
33154.516585723395       -9.907492750000003
33105.137802279656       -9.906781100000003
33049.333076068215       -9.906190925000004
32981.44657519135       -9.905756800000006
32892.59214556453       -9.905417049999997
32780.532187212855       -9.905173500000004
32646.83618216955       -9.905108900000002
32490.53031362519       -9.905220525000004
32314.177038338225       -9.905555050000004
32120.862624879577       -9.906127075
31915.150739408502       -9.906911574999995
31699.812979288243       -9.907866975000005
31475.374055795575       -9.90894357500001
31243.005120742055       -9.91013525000001
31003.605346710927       -9.911438250000003
30757.85887867735       -9.912830999999997
30506.613510872725       -9.914292000000003
30250.46117814827       -9.915800375000003
29989.857350292317       -9.917337775000007
29725.13255708702       -9.918889675000003
29456.537778061953       -9.920445049999998
29184.52303536034       -9.921995074999998
28937.286224239233       -9.923398800000001
28679.32331543755       -9.924914874999999
28419.151027753593       -9.926432750000004
28157.13739387597       -9.927939275
27893.685503573935       -9.929424249999997
27628.747665605428       -9.930883399999999
27362.243284644155       -9.93231465000001
27093.66146513507       -9.933710050000002
26822.953703067677       -9.935077125000007
26550.010672865566       -9.936419700000002
26274.490307010394       -9.937733875000006
26005.840824016614       -9.93896537500001
25762.327687583274       -9.9400361
25503.406899758178       -9.941232350000007
25243.14721191572       -9.942431200000001
24981.522330815085       -9.943634125000003
24718.613104815126       -9.944831825000009
24454.33740366193       -9.946016874999998
24188.7931124618       -9.947179875000003
23922.01178510929       -9.948313325
23654.59953627689       -9.949384500000008
23389.810325054725       -9.950364500000006
23165.30912837118       -9.951112649999999
22919.988743287162       -9.951998500000002
22674.55121166538       -9.952880925000002
22428.787693007427       -9.953758500000006
22182.337054914537       -9.954614625000005
21934.674799607234       -9.95541775000001
21686.291943403176       -9.9561377
21436.02229158409       -9.956778900000003
21183.250405259052       -9.957371900000012
20961.07732110399       -9.957972725000005
20742.375879869003       -9.958454700000004
20512.807289352782       -9.958953675000004
20283.434782067103       -9.959426300000004
20054.47974685492       -9.959837675000003
19824.61673727705       -9.960188950000003
19593.10202770322       -9.96049810000001
19359.27548778417       -9.960790424999999
19122.42208282617       -9.961085000000011
18924.656264797984       -9.961472700000002
18719.411875569735       -9.961836875000003
18507.143824163533       -9.962137975000005
18294.047399561518       -9.962394099999997
18080.215392922917       -9.96262092500001
17865.233630055438       -9.962832000000006
17647.95549970657       -9.963011900000012
17427.809335428967       -9.963150775000003
17220.775299314064       -9.963305375000004
17045.94174911589       -9.963525875000002
16850.88830837332       -9.963616175000013
16654.415677042136       -9.96360885
16456.868542203272       -9.963534725000002
16257.999280602196       -9.96341657500001
16056.881415539085       -9.963280825000012
15852.526943446557       -9.963151425000007
15646.503442108298       -9.963064000000003
15492.460587966487       -9.963221650000008
15311.100247869383       -9.9632766
15128.055182054624       -9.963263975000004
14944.200993100285       -9.963195925000008
14758.961505015219       -9.963041825000005
14572.289816906748       -9.962807675000008
14383.182797971647       -9.962529849999996
14194.382365814463       -9.962263950000008
14056.52275562886       -9.96229670000001
13889.739478075084       -9.962133750000007
13720.230260426613       -9.961908950000009
13549.469759333726       -9.961645425
13377.217859928638       -9.961339600000002
13203.23946250102       -9.961008774999996
13026.44169623517       -9.960673050000011
12871.66416358858       -9.960543600000008
12740.65629806889       -9.960609675
12585.47757040185       -9.960414525000004
12427.821303005143       -9.960140449999997
12268.41900265939       -9.959792750000005
12106.40504371235       -9.959373600000006
11941.140271758024       -9.958912100000006
11776.715945677102       -9.95848085
11667.368103470873       -9.95871385000001
11537.648398149742       -9.958477600000009
11391.861598144244       -9.958194225
11244.09483811962       -9.957843400000002
11093.686784793681       -9.957425049999998
10935.627287230296       -9.957030400000008
10776.980573449975       -9.956497975000005
10678.948694257282       -9.9569671
10569.681481665157       -9.956626799999995
10432.480941575996       -9.956256225000004
10293.607396161298       -9.955843400000006
10147.900492517849       -9.955506025000005
10002.846400197795       -9.955137000000008
9861.452791097447       -9.954655975000009
9771.87718428782       -9.955472900000004
9676.575734415268       -9.955049875
9553.73740392226       -9.954425600000008
9413.989292434993       -9.954037549999995
9275.422477313386       -9.95369805
9140.999811782334       -9.953215475000007
9022.849220554272       -9.953111250000006
8936.340329660074       -9.95396670000001
8846.822218798412       -9.953448725000001
8728.43334990222       -9.952761875000007
8593.67845715502       -9.952304775000002
8463.153150406499       -9.95178592500001
8336.738900884486       -9.950997999999998
8238.214583884346       -9.951882300000008
8153.690080181442       -9.952392799999998
8059.822917150947       -9.951900199999997
7944.485925913438       -9.95109057500001
7819.080781636119       -9.950230500000004
7694.3068138761355       -9.949339475000002
7570.528522020072       -9.948379549999999
7444.177157868527       -9.947612550000002
7322.311494068824       -9.948117550000006
7195.79363646273       -9.947327775000005
7051.899267273753       -9.94584175
6884.759912435619       -9.943698499999996
6716.519809768775       -9.941242650000007
6554.517087519852       -9.938728025000003
6396.681100742027       -9.936230500000008
6242.4719562724495       -9.933757825
6093.449272300071       -9.931237475000003
5951.842085869876       -9.928643125000008
5814.640916357027       -9.925857475
5685.249124672301       -9.92300440000001
5565.40661649163       -9.92006465
5451.342889345137       -9.9169756
5345.204187896762       -9.913874149999998
5246.291286735169       -9.910557075
5154.227692786378       -9.906931850000007
5067.5366694971035       -9.90277245
4986.251730021455       -9.898135025000002
4910.814166431642       -9.893545250000003
4840.086240963876       -9.890898650000011
4780.248787424823       -9.88767575
4724.175249871587       -9.883508175000003
4671.073488960053       -9.878270450000002
4620.251322325973       -9.871841099999997
4569.258201097423       -9.864491450000003
4520.302511439253       -9.856648649999997
4476.275416796565       -9.848704374999997
4433.748963982016       -9.841832675000006
4395.060927961286       -9.83632080000001
4360.904739911086       -9.82995065
4326.096472170411       -9.821604100000002
4292.596824903494       -9.8125706
4260.1324325285905       -9.80292655000001
4229.887336020024       -9.794358424999999
4203.1810748337075       -9.7960894
4180.247540247339       -9.796560475000007
4158.164822282111       -9.794571675
4136.911212017313       -9.790906375000006
4115.545429347816       -9.793088525000002
4096.647535168949       -9.792828975000006
4078.3988907026483       -9.790848850000003
4059.703349635256       -9.792036199999998
4041.8993996912563       -9.79451597500001
4025.211455551173       -9.795316225000008
4008.1530816824175       -9.799699275000009
3992.186300519251       -9.804812575
3977.3004559877313       -9.80816745
3961.8424406787544       -9.816264024999995
3948.0468714643216       -9.82332405000001
3935.0368164467004       -9.829096000000007
3921.108863683927       -9.840517950000006
3909.2405950343996       -9.849030900000002
3897.4369660966295       -9.858530000000002
3885.894450285817       -9.869651224999998
3875.199808486507       -9.879176400000006
3864.1769002395       -9.891593900000004
3854.276792246711       -9.902741325000008
3845.028825690754       -9.912388725
3835.3067076804955       -9.924974450000008
3826.432001474204       -9.936002125000002
3817.8318789495315       -9.94724512500001
3809.757213207115       -9.958365424999997
3802.3579632889623       -9.967876099999998
3794.927645456503       -9.978401050000002
3787.8389016442616       -9.988834800000006
3781.3928614400616       -9.998287200000007
3775.465447295494       -10.007336625000008
3770.2053034416654       -10.015100450000006
3765.4414585642617       -10.022533350000003
3761.2508595806016       -10.02922335000001
3757.52604891196       -10.035859325000004
3754.6166351640645       -10.041336425000011
3752.3945800752977       -10.045848425000003
3751.132458018023       -10.048704975000007
3750.3733160270885       -10.050555825000004
3749.7377931280953       -10.052251999999996
3749.162806799937       -10.053966125000002
3748.6621397820754       -10.055653125000006
3748.234036196356       -10.057305925000009
3747.868978418189       -10.058939350000003
3747.5626334919198       -10.060562500000003
3747.3149870255306       -10.062203199999999
3747.129478617421       -10.063843024999997
3747.0069618207795       -10.065466749999999
3746.9422538617105       -10.06707212500001
3746.933626218264       -10.068654375000008
3746.977627407534       -10.07021382500001
3747.0733964879933       -10.071749800000006
3747.217486112592       -10.07326122500001
3747.409901855456       -10.07474710000001
3747.6506511604452       -10.076205800000011
3747.9388803467014       -10.077632550000004
3748.273737294568       -10.07902270000001
3748.649192384094       -10.080374750000004
3749.060941540406       -10.08168855000001
3749.5072700021196       -10.082964075000007
3750.0123672534073       -10.084201925000002
3750.542576698819       -10.085401625000003
3751.0944540831497       -10.086560750000004
3751.668008948951       -10.087673850000002
3752.258931264381       -10.08873852500001
3752.8620444339094       -10.089758099999997
3753.4721686887196       -10.090735375000008
3754.085849774173       -10.091674275000003
3754.6979020919057       -10.09257537500001
3755.305730738405       -10.09344080000001
3755.909333630237       -10.094282875000005
3756.507843730222       -10.095081800000003
3757.098663260231       -10.0958385
3757.6765971361206       -10.096556400000011
3758.2381779163493       -10.097241124999996
3758.777339804726       -10.09789635
3759.291476301492       -10.09851965
3759.777979953345       -10.099114025000006
3760.2368400144023       -10.09968115000001
3760.667180422792       -10.10022210000001
3761.0715894296413       -10.100733599999998
3761.45005865898       -10.101216175000005
3761.7999817112836       -10.101675125
3762.1204843525497       -10.10211360000001
3762.41069273052       -10.10253385
3762.6714662175573       -10.102938425000005
3762.9045315714943       -10.103328599999998
3763.110750129548       -10.103705900000008
3763.2927170660028       -10.104071525000009
3763.4512954283196       -10.104433049999997
3763.592548448739       -10.104794049999995
3763.7208073172005       -10.105161074999998
3763.8395373276066       -10.105510824999996
3763.9435374941513       -10.105840299999997
3764.0310731948475       -10.106163275
3764.1038767143627       -10.106482049999997
3764.160213737542       -10.106798400000002
3764.202683743188       -10.107113075000001
3764.232153008295       -10.107426350000011
3764.2434207294546       -10.107578075000006
3764.250354728471       -10.107732925000008
3764.2546884843428       -10.107890550000008
3764.255555236114       -10.108049050000005
3764.255555236114       -10.108143824999999
3764.2546884843428       -10.10823880000001
3764.2520882302215       -10.108334675000009
3764.248621227518       -10.108431175000007
3764.2442874786316       -10.10852807500001
3764.2234855534343       -10.108685425000004
3764.214818118527       -10.108825199999998
3764.2078841849716       -10.108976075000001
3764.1922828811716       -10.109165599999997
3764.16108046756       -10.109410925000006
3764.1116771749716       -10.109718600000008
3764.084808989814       -10.109874099999999
3764.0553408782243       -10.11003215000001
3764.0232729012723       -10.110192050000009
3763.990338506622       -10.110352025000012
3763.95653771702       -10.110511700000004
3763.9132038154003       -10.11070380000001
3763.857737149313       -10.110936324999997
3763.7849383905123       -10.111219675000001
3763.698275037341       -10.11153490000001
3763.654077495583       -10.111690725000003
3763.6081472668425       -10.111849250000006
3763.5596178228343       -10.112010550000008
3763.50935584408       -10.112173600000006
3763.4573614000055       -10.112338000000008
3763.4192325975537       -10.112456925000004
3763.380237630972       -10.112576700000005
3763.340376527196       -10.112697574999999
3763.2987827820866       -10.1128195
3763.2571894966895       -10.112942350000012
3763.206065046515       -10.113091175000008
3763.1428103321696       -10.113271800000007
3763.096019857761       -10.113402675000003
3763.0483634911343       -10.113534650000005
3762.9998412651985       -10.113667974999998
3762.949586762206       -10.113802575000008
3762.899332930358       -10.113938349999998
3762.836949796915       -10.114102975000009
3762.758972334481       -10.114308199999996
3762.6645351269585       -10.114549699999998
3762.5484412573846       -10.11484320000001
3762.480865878192       -10.115012125000007
3762.4115590576957       -10.115183775000006
3762.3396545808087       -10.115358275000006
3762.267751478111       -10.115534949999997
3762.1932509176436       -10.115713450000001
3762.1395421264197       -10.11584280000001
3762.084101597788       -10.115973324999999
3762.0286618861483       -10.11610675
3761.9723567652472       -10.11624002500001
3761.9151862739664       -10.1163739
3761.8467560707063       -10.116535874999997
3761.796516967053       -10.116652900000005
3761.745412360352       -10.116770850000009
3761.6943084479117       -10.11688955000001
3761.6423390794707       -10.117009050000007
3761.5903704290076       -10.117129300000002
3761.526276748901       -10.117274774999998
3761.4483264476116       -10.117451200000005
3761.3539221344995       -10.117665525000007
3761.2370026458702       -10.117926350000005
3761.1547281473245       -10.11810997500001
3761.070723411005       -10.118295625000002
3760.9858545518146       -10.1184832
3760.9001216283464       -10.11867260000001
3760.8481632319254       -10.118786799999995
3760.795339598101       -10.118901925000003
3760.7425167062233       -10.119017600000006
3760.688828625573       -10.119133750000003
3760.63514131137       -10.119251024999997
3760.596175192374       -10.11933565000001
3760.557209477125       -10.119420325000007
3760.5173782743987       -10.119505900000007
3760.4775474935577       -10.119591575000001
3760.454168753463       -10.119642825
3760.429924287626       -10.119694675000005
3760.4056799780983       -10.119746500000005
3760.381435824875       -10.119798424999999
3760.357191827963       -10.119850450000001
3760.3286187465537       -10.119912800000009
3760.306972617301       -10.119957975000005
3760.286192450446       -10.120003275000002
3760.2645465654145       -10.120049000000009
3760.2437666330175       -10.120094550000005
3760.2307792335796       -10.12012162500001
3760.217791879002       -10.120149124999998
3760.2048045692777       -10.120176575000002
3760.1926831206742       -10.120203775000007
3760.1796958976724       -10.120231425
3760.1701719626476       -10.12025125000001
3760.1606480517453       -10.120270875000003
3760.1519899718605       -10.120290824999998
3760.142466107007       -10.120310750000002
3760.1329422662793       -10.12033065
3760.1216868492493       -10.120354325000008
3760.113894657191       -10.120371625000004
3760.10523668496       -10.120388925
3760.0974445269917       -10.120406200000005
3760.089652385175       -10.120423300000013
3760.08099446876       -10.120440650000006
3760.07147078373       -10.120461275000011
3760.0602155507027       -10.120486125
3760.045497219888       -10.120516050000006
3760.0359736247674       -10.120537675000008
3760.0255842757842       -10.120559525000004
3760.015194955504       -10.120581275000006
3760.004805663934       -10.120602775000009
3759.9944164010667       -10.1206246
3759.982295630674       -10.120650499999996
3759.97363796146       -10.120669400000011
3759.9649803121774       -10.120688075000004
3759.95632268283       -10.120706999999996
3759.946799313574       -10.120725700000008
3759.9381417260934       -10.120744650000006
3759.927752647425       -10.120767150000006
3759.919960857266       -10.120783550000013
3759.912169083249       -10.120799750000003
3759.9043773253834       -10.120816175000002
3759.896585583665       -10.120832425000003
3759.8887938580933       -10.120848850000002
3759.8801364041715       -10.120868375
3759.8688817438756       -10.120891850000007
3759.855029900529       -10.120920150000003
3759.8455067878317       -10.120940750000003
3759.835983699255       -10.120961075000011
3759.8264606347984       -10.12098167500001
3759.816937594462       -10.12100202500001
3759.8108774904413       -10.12101435000001
3759.804817396192       -10.121026600000008
3759.7987573117066       -10.121038949999999
3759.793562961353       -10.121051300000005
3759.7875028950075       -10.121063550000002
3759.7805771168605       -10.121078275000002
3759.7719199121207       -10.121095975000003
3759.7615312927396       -10.121117250000012
3759.7494112730783       -10.121142875000004
3759.734694158872       -10.121173675000009
3759.72430564235       -10.121196124999997
3759.713917154536       -10.12121845
3759.703528695426       -10.121240525000005
3759.693140265017       -10.12126292500001
3759.6818861644674       -10.121285049999997
3759.669766401551       -10.121311724999998
3759.65418390664       -10.121343825000011
3759.6429299227       -10.121367000000006
3759.6325416597315       -10.121390425000001
3759.6212877405787       -10.121413775000008
3759.6100338551096       -10.121437075000003
3759.5987800033267       -10.121460100000007
3759.585794831594       -10.121487925000011
3759.5693470117794       -10.121521425000012
3759.5503022576772       -10.121561749999998
3759.5269292822295       -10.121610250000003
3759.5104817199463       -10.12164525
3759.494034229619       -10.121680650000002
3759.4767211596445       -10.121715850000001
3759.460273817017       -10.12175065000001
3759.4429609025146       -10.121786075000003
3759.4230511493975       -10.121828050000005
3759.4083353126916       -10.121858775000007
3759.3936195335887       -10.1218894
3759.37976944117       -10.121919675000001
3759.3650537738854       -10.121950475000006
3759.3503381641995       -10.121981175000002
3759.332160137651       -10.1220177
3759.3113853577934       -10.122061825000003
3759.2958043482404       -10.122094075000007
3759.280223403265       -10.122126175000005
3759.265508125642       -10.122157900000005
3759.249927306238       -10.122190175
3759.234346551407       -10.122222375000007
3759.215303494312       -10.122260650000001
3759.193663773799       -10.12230695000001
3759.1772176695195       -10.122340375000007
3759.1607716371905       -10.122374250000007
3759.145191251878       -10.122407975000002
3759.1287453596606       -10.122441649999999
3759.112299539393       -10.122475000000009
3759.0932571005487       -10.122515325000009
3759.0785425547842       -10.1225448
3759.0646936231497       -10.122574150000005
3759.0508447425364       -10.122603150000003
3759.03613036279       -10.12263265
3759.0222815874076       -10.122662075000008
3759.0058362329087       -10.122697025000008
3758.985063256379       -10.12273925000001
3758.9599627295647       -10.12279015
3758.9305347391637       -10.122851449999999
3758.908896657903       -10.122895925000009
3758.8872587012042       -10.122940850000006
3758.8656208690636       -10.122985475000007
3758.8439831614796       -10.123030049999997
3758.8232110793806       -10.123074224999996
3758.7972461381814       -10.123127700000012
3758.7782052952953       -10.123166325
3758.7591645488633       -10.12320545
3758.740123898882       -10.123244400000004
3758.7210833453582       -10.123283299999997
3758.702908361519       -10.123322200000004
3758.6804061223315       -10.123368475000007
3758.6527112436506       -10.123424475000007
3758.6198238402603       -10.123491975000007
3758.5964566495604       -10.123540675000001
3758.5722241607973       -10.123589975000002
3758.5479918282663       -10.123639025000003
3758.524625084143       -10.12368755
3758.5003930584894       -10.123736950000009
3758.483949987202       -10.123771974999997
3758.465776150001       -10.123807624999998
3758.4484678153153       -10.123843199999996
3758.431159560341       -10.123878725000012
3758.413851385074       -10.123913900000005
3758.3930816799643       -10.123956425000003
3758.367985106092       -10.124007724999998
3758.349811829626       -10.12404512500001
3758.3316386410397       -10.124082375
3758.313465540324       -10.124119175000004
3758.295292527483       -10.124156650000003
3758.2771196025164       -10.124193599999998
3758.2554852826083       -10.124238250000005
3758.2295242631067       -10.124292050000008
3758.197505919366       -10.124356825000007
3758.1594304062096       -10.124434825000009
3758.1127018945595       -10.124528825000013
3758.057320707201       -10.124642175000005
3757.9898259885413       -10.124778950000007
3757.9084878100794       -10.124944225000007
3757.809845998393       -10.125144175000003
3757.6904409538056       -10.125386474999999
3757.5442182051693       -10.125680674999998
3757.3668550525267       -10.126038750000006
3757.158355906113       -10.126458400000004
3756.947273121343       -10.126880275000005
3756.7362021955205       -10.127304125000009
3756.522548213237       -10.127729950000003
3756.3080414599444       -10.12815792500001
3756.0926820831155       -10.128588000000008
3755.8738757641563       -10.12902132500001
3755.65767650699       -10.129450825000006
3755.432842481265       -10.129898075
3755.2149392705014       -10.130328875000004
3754.9892671310945       -10.13077405
3754.7687959548152       -10.131210975000002
3754.539692566242       -10.131661625000007
3754.3157899321486       -10.13210285000001
3754.084985364062       -10.132557750000004
3753.8585167720225       -10.133002974999997
3753.625147402487       -10.133462125000008
3753.39611379551       -10.133911275000003
3753.1593163835123       -10.13437470000001
3752.928582912103       -10.134827850000008
3752.689222729314       -10.135295625000012
3752.455926052293       -10.135752449999998
3752.214004076852       -10.136224825
3751.977281242787       -10.136686675000007
3751.7327985196234       -10.137164650000003
3751.4330481594525       -10.137749249999999
3751.0642239553595       -10.138468175
3750.608210443152       -10.139356450000008
3750.0399984674464       -10.140461800000011
3749.3268329493226       -10.141846850000007
3748.4230517112073       -10.143599225000003
3747.7438485921       -10.144917024999998
3747.0328453172983       -10.146293400000005
3746.284884346025       -10.147739850000008
3745.4982629992232       -10.149261675000005
3744.6695567244124       -10.150863225000009
3744.0479318222046       -10.15206652500001
3743.398827627855       -10.15331780000001
3742.721396676572       -10.15462752500001
3742.0139311270586       -10.155995425
3741.273002217089       -10.157426075000004
3740.3332674590606       -10.159239975000006
3739.131164658722       -10.16156177500001
3737.5869092522203       -10.164549199999996
3735.5994260182847       -10.168403675000008
3733.0361880749974       -10.173386925000003
3730.9506106334397       -10.177420600000005
3727.6926725297103       -10.183540000000008
3718.9530873880162       -10.196910500000001
3699.664139349306       -10.239933350000001
3688.925631783348       -10.267205250000004
3681.661872831416       -10.286932500000006
3680.1074569554626       -10.29125470000001
3678.7959525693836       -10.295106050000001
3677.879532586462       -10.297946525
3677.5408029623563       -10.299196050000006
3677.8532799253444       -10.298611800000003
3678.5359100204923       -10.29699405000001
3679.274580553226       -10.295207000000005
3679.831222728639       -10.29396475
3680.3320184617296       -10.292838775000007
3680.760841891259       -10.291881125000003
3681.1490294988016       -10.291003025000009
3681.5160654751194       -10.290180849999999
3681.8466834762453       -10.289474675000008
3682.118829799444       -10.288937375000003
3682.3214689422716       -10.288588825000005
3682.399475266906       -10.288601225000008
3682.4121938460758       -10.288787499999998
3682.3825172296747       -10.28908405
3682.3146858617015       -10.289474400000003
3682.214636874636       -10.289939650000008
3682.0883077150074       -10.29045945
3681.942483470317       -10.29101025
3681.7856440721494       -10.291569175000006
3681.6237250001996       -10.292115525
3681.46011767376       -10.292636550000012
3681.296517617855       -10.29312465000001
3681.132924832157       -10.293583650000002
3680.9651014462183       -10.294020099999997
3680.7938955733507       -10.294436375000004
3680.617612698799       -10.294833675000007
3680.4387959089663       -10.295211500000008
3680.258292984691       -10.295564150000004
3680.0608515674344       -10.295948175000007
3679.826986168818       -10.296427800000004
3679.5880520899223       -10.296892800000009
3679.359299956613       -10.29731037500001
3679.1441164872003       -10.297667425
3678.9467348441685       -10.297960275000008
3678.76545802918       -10.29819415
3678.601130691686       -10.298373425000008
3678.452903565916       -10.29850175
3678.3207747061765       -10.298584175000002
3678.203895440298       -10.29862522500001
3678.102264314887       -10.298630474999996
3678.0167269607373       -10.298605300000006
3677.9464353765807       -10.298549225000002
3677.880379449617       -10.298511274999996
3677.7906130402275       -10.298592249999999
3677.7000019999596       -10.298695275
3677.6220952268923       -10.298788600000009
3677.5636662301326       -10.298857124999998
3677.528101208342       -10.298893450000008
3677.5179398367204       -10.298893149999998
3677.53402868809       -10.298854325000008
3677.577214900329       -10.298777275000006
3677.648346237804       -10.298661150000001
3677.7465774894854       -10.298510100000001
3677.871063965625       -10.2983263
3678.0209614364194       -10.298110550000004
3678.174252738638       -10.297958500000007
3678.3233156010283       -10.297873425000006
3678.4757725042173       -10.2978114
3678.639247203732       -10.297752100000011
3678.817976561181       -10.297685000000001
3679.0111156756006       -10.297603500000008
3679.219513987098       -10.297502925000003
3679.444868534151       -10.297378975
3679.687182431       -10.297228475000011
3679.9439170103187       -10.297048950000004
3680.2167700903055       -10.296836550000009
3680.5015079171994       -10.296593525000006
3680.7896579052126       -10.296368549999997
3681.0693544675864       -10.296194200000002
3681.3405956738557       -10.296038350000003
3681.6050750932377       -10.2958857
