24773.787040018717       -4.632181325000005
24857.382774940124       -4.655180225000009
24849.2794445949       -4.653385725000007
24852.92447177776       -4.654199800000001
24854.95035380155       -4.6546541250000075
24856.0091431586       -4.654896324999996
24856.564310196864       -4.655025475000002
24856.84476011572       -4.65509345000001
24856.970677435093       -4.655127425000003
24857.01074217049       -4.6551416500000045
24856.98212449579       -4.655143300000006
24856.89627166927       -4.655135575000003
24860.960297296617       -4.655669450000005
24865.19674948047       -4.656223225000005
24868.59215720546       -4.656653275000011
24870.8598377537       -4.656900024999999
24871.850581276838       -4.656927875000008
24871.627231025377       -4.656744700000004
24870.567776385888       -4.656433849999999
24869.22777407859       -4.65611757500001
24868.20277831668       -4.655917674999998
24867.893570012788       -4.655897600000003
24868.391740839495       -4.656047299999997
24869.50264046067       -4.656305950000004
24870.951465556263       -4.6566122750000005
24872.509189849065       -4.656939625000007
24874.07273917195       -4.6572948000000025
24875.584836394377       -4.657700250000005
24877.016831380704       -4.658180125000001
24878.305697349875       -4.6587567250000035
24879.39985375237       -4.659452275000007
24880.241985952325       -4.660291600000008
24880.791965224264       -4.661303750000002
24881.009668711282       -4.662523149999998
24880.86644251862       -4.663991100000004
24880.33937722928       -4.665757150000005
24879.382667677743       -4.667881274999999
24877.92762307817       -4.6704361500000005
24875.882684561762       -4.673510125000007
24873.11054334185       -4.677211
24869.445376380536       -4.681670600000004
24864.72154390104       -4.687051300000007
24858.762206574276       -4.693553550000004
24851.310751720033       -4.7014234250000015
24841.950953406205       -4.710965775000005
24830.096076608475       -4.722561249999998
24814.818326425164       -4.736687549999999
24794.62817998935       -4.75398460000001
24767.11952271935       -4.775223699999998
24733.66646475771       -4.799151050000006
24697.488961699968       -4.822941874999998
24657.62253449719       -4.846513700000003
24614.48196115912       -4.869747924999999
24568.848368987474       -4.892694349999999
24520.289872877023       -4.915505699999997
24467.624114545124       -4.938075475000005
24412.125840102883       -4.960257275000004
24353.910181330582       -4.982186249999998
24292.43223966621       -5.0038962750000024
24226.69657155572       -5.025296699999998
24158.52417191607       -5.046320925000003
24087.531743816402       -5.067160025000007
24013.170251930846       -5.087766099999996
23934.595929515403       -5.108044625000005
23853.7245528936       -5.127904874999999
23769.968160614128       -5.147533525
23682.966463765497       -5.1669354750000025
23591.88268828776       -5.1860558999999995
23498.55732877281       -5.204762950000003
23402.43243133138       -5.2232273750000076
23303.261034278843       -5.241429625000009
23200.337355417687       -5.2593065749999965
23095.01241272297       -5.276825075000005
22987.15901009384       -5.294110349999997
22876.41676658615       -5.311151949999996
22762.287268604865       -5.327891500000007
22645.587908136607       -5.34425555
22526.934692877338       -5.360309549999997
22405.503092813444       -5.376189775
22281.1139649625       -5.391812125000001
22153.859648718837       -5.407098200000007
22025.267921734147       -5.422049075000004
21894.337075251675       -5.4367896000000115
21760.972493840545       -5.451303225000004
21624.740272357274       -5.465573800000001
21487.49556217377       -5.4795309
21348.477102988065       -5.493293500000007
21207.73558316421       -5.506852350000003
21065.050276210477       -5.520191425000007
20921.27268282359       -5.533343950000003
20776.82108665457       -5.546341175000009
20631.55680638733       -5.559230350000007
20485.864696738776       -5.572003875000007
20340.92975386796       -5.584716025000006
20197.2899405536       -5.597506625000008
20058.543747438052       -5.6102532499999995
19929.770608350944       -5.622800300000009
19816.67559933755       -5.635062300000001
19724.113819695605       -5.647064475000008
19660.59694657185       -5.65862257500001
19633.72030961907       -5.669378050000006
19643.741027825505       -5.678921900000006
19685.561188281095       -5.687595975000008
19756.426813803148       -5.695660275000009
19854.05862825819       -5.703348724999998
19975.8238646183       -5.710875625
20120.297595565542       -5.718517274999996
20287.4797807211       -5.7266754750000075
20480.280477089844       -5.7358250000000055
20703.901842641717       -5.746726500000008
20968.92179652452       -5.760802400000003
21291.913835816227       -5.781218100000004
21673.861808508118       -5.8153568000000035
21441.778237975363       -5.8233824
20602.015045620898       -5.809042925
19801.929045071098       -5.806367699999996
19139.363907490497       -5.815769000000003
18610.06542815429       -5.829052275000009
18191.524681552182       -5.841576625000002
17859.60296895599       -5.851905975000008
17595.803363206076       -5.859972325000001
17385.764797641637       -5.866136075
17218.285314876164       -5.8708181249999996
17084.61120519942       -5.874379425000001
16965.96629943182       -5.877465975000007
16847.101794893082       -5.880451274999999
16727.87598098102       -5.883250149999995
16608.415452601923       -5.885874100000009
16488.710767203374       -5.8883270250000095
16368.73809852029       -5.890610250000009
16248.474755481364       -5.892724749999999
16127.899184535258       -5.894672374999999
16006.97991487787       -5.896457049999995
15886.455112974718       -5.898074125000008
15766.365853174168       -5.899536650000002
15645.577565180154       -5.900869925000009
15524.41700820216       -5.90206975000001
15402.885960092844       -5.9031418500000115
15280.990298454024       -5.904091524999998
15158.743348005168       -5.904924425000004
15036.162132705891       -5.905644675000005
14913.256927360593       -5.906255775000005
14790.055374019188       -5.906762375
14666.581503711126       -5.907168925000008
14542.845824990054       -5.907475950000006
14418.862487866403       -5.9076831
14294.622803946664       -5.907789700000009
14170.122346069518       -5.907799600000004
14045.393143157857       -5.90771752500001
13922.8197295696       -5.907512949999997
13800.130712993487       -5.907220124999995
13676.781226123949       -5.906852999999998
13553.307756074424       -5.906408825
13429.72438997588       -5.905886025000001
13306.045371876355       -5.905279324999995
13182.30330855573       -5.904585025000003
13058.524253386773       -5.903798000000009
12934.760746271833       -5.902915725
12811.049227309917       -5.901938325000003
12687.445800539623       -5.9008698500000065
12563.94423161567       -5.899717375000009
12440.839864915679       -5.898481600000011
12321.673594640719       -5.8971138
12200.111504961238       -5.895674100000008
12078.43871296871       -5.894162800000004
11956.712865383706       -5.892564175000004
11834.930175677357       -5.890863150000001
11713.152563586507       -5.889058325000008
11591.498944383415       -5.88715482500001
11470.084041607011       -5.885160225000007
11349.09417993232       -5.883093500000001
11228.850507465644       -5.880972249999999
11109.474079371641       -5.878789725000004
10995.525751470523       -5.876474850000008
10877.770705411129       -5.873979050000003
10759.869399283363       -5.871370200000001
10641.964356657278       -5.868656525000006
10524.129900703578       -5.86585752500001
10406.541009300749       -5.863011650000004
10289.372736672063       -5.860146875000012
10172.734267707503       -5.857245550000002
10056.813584114761       -5.854268024999996
9942.11998378374       -5.851177750000005
9833.424779293913       -5.847991425000004
9719.678502076245       -5.8444315750000015
9605.120110165544       -5.840791600000003
9490.384323199074       -5.837132699999998
9375.516446648997       -5.83344562500001
9260.49709846369       -5.829704575000008
9145.193521119934       -5.825865650000011
9029.423024386248       -5.821891500000007
8913.23793541281       -5.817762475000009
8797.601781700421       -5.813402074999999
8685.945498954305       -5.808792525000001
8566.371408721092       -5.8037493750000095
8444.250339787779       -5.798490125000001
8318.733281496805       -5.792943600000001
8188.668688081093       -5.787001025000009
8052.071080249322       -5.78051395
7906.657018112493       -5.773337525000002
7751.554413640347       -5.765422775000005
7593.500047517661       -5.757107750000003
7439.117184931683       -5.748750350000009
7289.0360808696805       -5.74041960000001
7141.693374298127       -5.732045374999998
6995.864673678188       -5.723543875000004
6851.472201467551       -5.714875700000007
6708.050138080696       -5.705973499999999
6566.021492984874       -5.696809700000003
6427.594937179045       -5.687491475000002
6293.415421505985       -5.6780349
6164.1471839038       -5.668464025000006
6039.700456599944       -5.658751449999997
5921.370012885252       -5.648962925000006
5808.175091496638       -5.639044800000008
5699.127853636854       -5.628916900000007
5594.121568542181       -5.618570900000009
5493.207445133589       -5.608033275000011
5397.120319245761       -5.597381725000005
5306.759426183567       -5.5866963750000025
5221.4364910871245       -5.576060725000005
5141.170418343633       -5.565429050000006
5066.747944718084       -5.554870425000004
4999.013389720182       -5.54472195000001
4939.756029443716       -5.536395325000001
4882.560125025047       -5.527191475000009
4827.470182687467       -5.516413225000008
4776.450704984726       -5.504904324999998
4729.086959585838       -5.492741075000012
4683.242000822931       -5.4798072500000075
4641.707824344214       -5.466365500000009
4601.261331599803       -5.451898299999996
4563.758974645452       -5.436875499999999
4528.961199366716       -5.4214524750000095
4496.193567956366       -5.405531949999997
4467.7246572219465       -5.390718274999998
4446.642350940297       -5.383504250000001
4427.248505410832       -5.3748869749999955
4407.833690181218       -5.36075000000001
4389.092159567499       -5.344347450000001
4371.45487824634       -5.330911725000007
4354.8159008343755       -5.318589400000008
4338.730751857671       -5.304064275000002
4323.030504036583       -5.290668350000004
4307.646932274727       -5.282071025000008
4292.4969969627655       -5.271366125
4277.401328673917       -5.263431250000011
4262.354822404499       -5.258888124999999
4247.56956205498       -5.253019425000005
4232.464264835044       -5.254331775000011
4217.601082062842       -5.254336425000005
4202.368186154315       -5.259519600000004
4187.25104858908       -5.265138125000007
4171.635936252312       -5.27568740000001
4156.184324166727       -5.286472000000003
4140.03678570905       -5.303097975
4123.963378316365       -5.320645850000005
4107.5901145444395       -5.341364325000001
4090.8975177622046       -5.365401800000001
4074.3487467763935       -5.390730349999998
4057.5828849718955       -5.418908600000009
4040.935328411567       -5.4490620750000005
4024.888001670672       -5.479235575000004
4008.932094558404       -5.510950625000007
3993.36585307696       -5.543281074999996
3978.482938924447       -5.574696950000003
3963.3771388756754       -5.608207450000009
3949.1679156144082       -5.640044975000009
3934.995137184708       -5.672704775
3921.421268692213       -5.704349625000006
3908.10208892422       -5.735994000000005
3895.3895961038293       -5.766385325000002
3882.9205109933696       -5.796734624999999
3871.330062068696       -5.82481042500001
3859.8195367334797       -5.853348275000002
3849.3872189548124       -5.8790304750000075
3839.4304067094363       -5.903655400000005
3830.136924979701       -5.926800350000008
3821.763426485085       -5.9474479500000115
3813.9974645325474       -5.96659827500001
3806.8573210720115       -5.984269225000006
3800.4025427962088       -6.000041225000004
3794.368445456066       -6.014625875000007
3788.4869884099417       -6.029014325000006
3782.8463354755763       -6.042834075000002
3777.348892308289       -6.056279349999997
3771.9158914318723       -6.069583425000005
3766.4239259668975       -6.083283750000007
3761.0170306449004       -6.09686330000001
3755.65767650699       -6.110358425000001
3750.306822853133       -6.123877100000001
3744.838559975868       -6.137946624999998
3739.3903246367063       -6.152030475000004
3734.002462313551       -6.166003250000003
3728.68847174388       -6.179946600000008
3726.187460499579       -6.186597950000007
3727.524443066145       -6.183139775000001
3726.3736481933724       -6.18615235
3725.2944037251145       -6.188987449999999
3724.218044428954       -6.191813374999995
3723.124850465127       -6.194688749999997
3721.7551671477404       -6.198303025000001
3720.0339210077977       -6.2028774000000055
3717.936773737019       -6.2084895250000045
3715.4891721299596       -6.215080325000002
3712.6687283298156       -6.2227943250000095
3709.6334588297723       -6.231119925000002
3706.5639714944987       -6.239582550000009
3703.9276936653387       -6.246893725000007
3701.6469933010953       -6.25325260000001
3699.4392500891845       -6.259518825000001
3697.3588210296125       -6.265467799999996
3695.394431103501       -6.271135650000005
3693.5305881296226       -6.276567799999995
3691.729738508735       -6.281880275000006
3689.9578050771456       -6.287186575000007
3688.181626712386       -6.292647650000006
3686.4572332563603       -6.298125949999999
3684.8371573227037       -6.303513774999999
3683.440848371338       -6.3085461250000066
3682.4189771062624       -6.312880175000004
3681.8992459962233       -6.316239050000007
3681.9560482727056       -6.318517875000012
3682.599586004028       -6.3198031499999985
3683.795389457324       -6.320301850000007
3685.502414014766       -6.320210700000004
3687.6950470407533       -6.319613125000004
3690.381801882687       -6.318418125000008
3693.604579486448       -6.31635067500001
3697.4303349809716       -6.31296110000001
3701.8643452902948       -6.307809750000004
3705.3548047596664       -6.303043250000002
3708.0740637302415       -6.298953525000002
3710.2015284763506       -6.295537199999998
3711.8763451032555       -6.292711975000003
3713.199642771831       -6.290394274999997
3714.496897976222       -6.288047349999999
3715.75781606288       -6.285689775000009
3717.0311444524755       -6.283232500000011
3718.308333877488       -6.2806963000000025
3719.5979526985984       -6.278067575000009
3720.8965864686406       -6.2753558750000025
3722.205101385807       -6.272563900000009
3723.5217928091183       -6.2696997250000095
3724.846669089128       -6.266765950000007
3726.1797386302514       -6.263765075000009
3727.524443066145       -6.260694225000009
3728.8807946474544       -6.257552575000005
3730.2496646554882       -6.254341675000006
3731.6327849928325       -6.251057000000003
3733.033609385845       -6.24769615000001
3734.453877164171       -6.244252424999999
3735.8953305602477       -6.240723375000002
3737.3597148034805       -6.237108700000007
3738.8470564194267       -6.233409100000003
3740.3565211075265       -6.229628474999998
3741.888135181322       -6.2257758749999965
3743.4384775117915       -6.2218755250000015
3745.004121576873       -6.217919600000002
3746.586811402593       -6.213905850000003
3748.185704992184       -6.209838475000012
3749.8016859409854       -6.205719700000003
3751.4347757586143       -6.201547875000003
3753.084996188606       -6.1973224000000044
3754.756692029801       -6.193037799999999
3756.4481614194897       -6.188693175000012
3758.1594304062096       -6.184294975
3759.8905253512667       -6.179840575
3761.6423390794707       -6.175330500000001
3763.414033245328       -6.1707646500000095
3765.208236079103       -6.166167350000009
3767.0163050877036       -6.161540875
3768.8399950369967       -6.156876449999999
3770.677591308574       -6.152175624999998
3772.529982036639       -6.147441075000003
3774.395449967695       -6.142675400000002
3776.274013598366       -6.137880425000006
3778.164821606426       -6.133057649999998
3780.0687618382162       -6.128208525000005
3781.9832406873825       -6.123335250000011
3783.910015746564       -6.118437450000002
3785.8491048182286       -6.1135211
3787.8031423453594       -6.1086164499999995
3789.759933682801       -6.10370875000001
3791.7290859005084       -6.098779800000003
3793.709743678972       -6.093826750000005
3795.7010499840912       -6.088853525000005
3797.702146041903       -6.0838643750000045
3799.7121713152414       -6.078860800000001
3801.7302634823345       -6.073844925000003
3803.7564342645546       -6.068818974999999
3805.7889428031854       -6.063785250000009
3807.829551672201       -6.058761050000001
3809.8800272489693       -6.0537762000000015
3811.9263406104596       -6.048808425000004
3813.975509461474       -6.043846200000004
3816.0275372248966       -6.038888200000002
3818.083306475469       -6.033933250000004
3820.14282206972       -6.028980225000012
3822.205208779188       -6.024032375000004
3824.2704700539457       -6.019090550000001
3826.3368472562674       -6.014155850000009
3828.406104034877       -6.009228149999998
3830.492355882767       -6.004372700000005
3832.566507374238       -5.999553675000001
3834.639133110406       -5.994754075000003
3836.709345966855       -5.989969875
3838.781560384505       -5.985196049999999
3840.8557783989395       -5.9804316750000055
3842.9275777118214       -5.975684175000012
3844.996953201053       -5.9709577
3847.063899748473       -5.966252275000002
3849.135502602979       -5.961596825000001
3851.213541637969       -5.957030100000011
3853.2767320185653       -5.952507925000006
3855.3321504607325       -5.948018525000009
3857.383336130407       -5.943556950000001
3859.4293924398917       -5.939122250000011
3861.4720883441914       -5.934714200000002
3863.5105277537327       -5.93033315000001
3865.543812713186       -5.925980250000009
3867.579058290964       -5.921675875000005
3869.6323047074193       -5.91748972500001
3871.666136977179       -5.913356000000007
3873.6867669890203       -5.909265050000002
3875.698635020631       -5.905211675000004
3877.702619201115       -5.901193425000002
3879.697812889416       -5.897211550000009
3881.6833076622356       -5.893268875000004
3883.659087580964       -5.889367524999997
3885.6510831153255       -5.885584250000008
3887.636043918589       -5.881912374999999
3889.5978371006267       -5.878302725000012
3891.545387175658       -5.8747434750000025
3893.477775254819       -5.871234600000008
3895.3967716832467       -5.867777150000009
3897.3014583304716       -5.86437045000001
3899.1918132845926       -5.861014275000002
3901.0929659861376       -5.85776365000001
3903.003133933057       -5.8546688250000045
3904.8746752448565       -5.851651625000002
3906.7273236765773       -5.848688800000005
3908.564651409731       -5.8457774750000056
3910.386636005288       -5.842915200000007
3912.19325520455       -5.840102725000008
3913.984486929563       -5.837339875000012
3915.7927683548814       -5.834701050000007
3917.6045914001725       -5.832233549999998
3919.36761672912       -5.829845500000005
3921.1061550788177       -5.827516100000011
3922.8219796908456       -5.825246925000002
3924.5159637303027       -5.8230377
3926.1889822972703       -5.820889225000002
3927.840103540697       -5.818802450000007
3929.5163487950113       -5.816873150000006
3931.1933094038404       -5.815114149999999
3932.8202736868375       -5.813422150000008
3934.4243569331525       -5.811787200000012
3936.006436898883       -5.81020805
3937.571926471164       -5.808680500000008
3939.118991319195       -5.807203450000003
3940.6467018720596       -5.805778200000006
3942.210406130909       -5.804503824999998
3943.7928926853187       -5.803396450000008
3945.3251412528793       -5.802327825000006
3946.8352652565322       -5.801302700000008
3948.326875380367       -5.800322300000005
3949.7963123011527       -5.799388825000008
3951.241731231653       -5.798504425000004
3952.6640155414516       -5.797670824999997
3954.1059315660923       -5.796969175000001
3955.6002894609246       -5.79647832500001
3957.034165208175       -5.796000475
3958.4421281519662       -5.795565700000012
3959.8250620488875       -5.795179349999998
3961.18658870544       -5.794842349999996
3962.524860899818       -5.79455505
3963.8407674571627       -5.794317375000006
3965.1342857977074       -5.79412892500001
3966.547870860392       -5.794224825000001
3967.920845519134       -5.794335525000008
3969.2632207700353       -5.7944574750000015
3970.580450795115       -5.794611700000004
3971.8770830518233       -5.794801700000008
3973.15126737357       -5.795027300000001
3974.404812167758       -5.795287525000006
3975.6358667946656       -5.7955802999999975
3976.846241517818       -5.795905349999998
3978.2291929811267       -5.796581400000008
3979.5493984319037       -5.797163249999997
3980.8388767319834       -5.7977369250000095
3982.103099206608       -5.798328699999999
3983.342958729597       -5.798947800000008
3984.5593497752157       -5.799598325000005
3985.7513328570853       -5.800282250000009
3986.918885850306       -5.801001025000005
3988.061987079142       -5.801753975000011
3989.3027833783162       -5.802738175000002
3990.6128805714357       -5.803846024999999
3991.881126208406       -5.8048711
3993.1267885513053       -5.8058952749999975
3994.3480067439705       -5.806935675000005
3995.5465981405773       -5.807998574999999
3996.723462429621       -5.809086024999999
3997.8767391117417       -5.8101964500000065
3999.005486764811       -5.811327425000002
4000.110605486052       -5.812477749999999
4001.316454095477       -5.813842025
4002.6452428715165       -5.815379375000006
4003.9339073632173       -5.81677507500001
4005.203619821247       -5.818137950000008
4006.449749356101       -5.819490475000009
4007.669505306766       -5.8208412250000094
4008.858247980322       -5.822193824999999
4010.015026221995       -5.823550775000001
4011.137964962871       -5.824915600000011
4012.2251878918496       -5.826289650000007
4013.273893526523       -5.82767397500001
4014.490180847829       -5.829393375000009
4015.7872821986557       -5.831164375
4017.0589036299048       -5.832811325000009
4018.307796421519       -5.834418900000003
4019.5283859390943       -5.836005925000009
4020.7113881167943       -5.83758005
4021.853065287198       -5.8391491
4022.9496767783103       -5.840715325000005
4023.9965527538243       -5.842278524999998
4024.989020291896       -5.843838550000001
4025.9233309902593       -5.845393549999997
4026.7938810142286       -5.846941075000004
4027.6024836904207       -5.848485225000005
4028.6978799097183       -5.850525750000003
4029.7768719843343       -5.852353725
4030.833877768875       -5.854090575000001
4031.844742209599       -5.8557533500000005
4032.7825014742007       -5.857344574999999
4033.6183123132682       -5.85885755000001
4034.3186694122405       -5.860280200000005
4034.840765338507       -5.861598575000002
4035.1204210119386       -5.862788875000007
4035.057241291278       -5.863807125000008
4034.4803075495342       -5.864580674999999
4033.195741851952       -5.864963549999999
4031.6525749113825       -5.864963075000006
4029.9893644916788       -5.8647233000000085
4028.250781292012       -5.864329600000005
4026.4573201890144       -5.8638298750000075
4024.6248090982685       -5.8632548249999985
4022.7616385387314       -5.86262437500001
4021.163205369952       -5.86243395000001
4019.629270042043       -5.862331525000002
4018.0903686568295       -5.8621874000000105
4016.547432210993       -5.862010675000008
4014.9967678556545       -5.861802425000008
4013.4365367437877       -5.861566800000006
4011.867674261701       -5.861306450000001
4010.2911144104273       -5.86102545
4008.707789786809       -5.860728050000006
4007.1167862208613       -5.860416200000003
4005.5208802679513       -5.8600924500000104
4003.9191563527434       -5.859759374999996
4002.309778831838       -5.859416750000008
4000.938723689363       -5.859523575000011
3999.561691686739       -5.8595650500000005
3998.1888160934664       -5.859575100000001
3996.8136508466637       -5.859564974999998
3995.4325187023524       -5.859541000000007
3994.043586848441       -5.859508825000006
3992.645025070577       -5.859470150000007
3991.2396008739006       -5.859430525000008
3989.8273218508725       -5.85939242500001
3988.408195629135       -5.859355675000003
3986.9831479081513       -5.859322125000006
3985.5531031040523       -5.859292775
3984.1189843370316       -5.859268725000007
3982.8220239845905       -5.859539850000004
3981.555739693945       -5.859839425000004
3980.28985800123       -5.860110450000008
3979.02346257433       -5.8603729000000016
3977.7556382476105       -5.860634050000002
3976.4836397853464       -5.860897274999999
3975.209302101865       -5.861164850000009
3973.929882612633       -5.861437425000005
3972.647215959049       -5.8617157750000075
3971.3613055515834       -5.862000850000001
3970.0721548085603       -5.8622928750000085
3968.7797671561434       -5.8625921000000005
3967.4841460283296       -5.862899225000007
3966.1862081149507       -5.863216274999999
3965.014683827356       -5.863830175000004
3963.8398547491993       -5.8643950750000045
3962.654424537547       -5.864938025000001
3961.4894164573525       -5.865502000000006
3960.2837156672       -5.866038375000002
3959.1394602793453       -5.866638300000005
3957.7540319022064       -5.8672889500000025
3956.0265718017968       -5.868125975000012
3953.889246467578       -5.869195525000009
3951.240821424728       -5.870556524999998
3948.0459623930365       -5.872444450000003
3944.3931870945216       -5.8752326250000095
3939.8092907193895       -5.878773350000003
3935.048595448579       -5.882583950000011
3930.357002155742       -5.886704275
3925.8635419538077       -5.891432950000009
3921.3093056542684       -5.896338875000012
3916.48619444681       -5.901645474999995
3911.8959972885873       -5.907151500000012
3907.229308847544       -5.91337762500001
3902.5681875230616       -5.919730600000008
3897.6703017678733       -5.926525725000005
3895.473013030915       -5.9296311750000115
3893.1909037793575       -5.933010725000003
3890.854585126253       -5.93675097500001
3888.4068541858514       -5.9406420250000025
3885.83450181059       -5.944775425000003
3882.5083640680436       -5.950163475000011
3878.1196137900674       -5.957369325000002
3872.9090652423356       -5.966164325000008
3867.689487198025       -5.975643849999997
3862.2821769365037       -5.985566050000003
3860.078173479563       -5.989647099999999
3857.703099704555       -5.994053375000007
3855.1040123913053       -5.9989032250000065
3852.251207792838       -6.004267374999998
3849.1239807695847       -6.010373725000008
3844.92435573855       -6.018859500000005
3839.216469781723       -6.0304130749999985
3837.0777560379506       -6.034772650000008
3834.7839410041743       -6.03945435
3832.268240385896       -6.04459485000001
3829.464077891644       -6.050349824999998
3826.298962439221       -6.05690220000001
3821.806546412263       -6.066586874999999
3816.2568777201946       -6.078573575000007
3810.827582942116       -6.090347574999996
3805.5321910846724       -6.101873824999998
3800.3859164071177       -6.11310407500001
3795.3558386592986       -6.124304375000008
3790.5244298203975       -6.135217075
3785.9850962001674       -6.1455948750000005
3781.7707632033976       -6.155362324999999
3777.350631842137       -6.165786925000006
3772.429219155257       -6.177595725000003
3767.141210966942       -6.190488049999999
3761.514151040382       -6.204555925000008
3755.823716427748       -6.218949324999997
3750.13152831815       -6.233453025000003
3744.470384112509       -6.2479737250000085
3738.8685790151194       -6.262425575000009
3733.3422051690727       -6.276761750000006
3727.8325834274133       -6.291232550000004
3722.4759451689647       -6.305382000000009
3717.2947642397794       -6.319125050000011
3712.30286047173       -6.332417524999997
3707.5259546243806       -6.345187625000008
3702.990518153037       -6.357351725000001
3698.7416692532       -6.368780375
3694.790344314754       -6.379447049999996
3691.1576977113414       -6.389308750000012
3687.864875584024       -6.398248525
3685.004308740587       -6.40599730000001
3682.4825707781956       -6.4128295250000065
3680.247276660929       -6.418879650000008
3678.363123182867       -6.423969400000004
3676.858357530358       -6.428016025000005
3675.7426712293172       -6.4309827500000125
3675.0495587135765       -6.432786750000005
3674.8067040568226       -6.433337025
3674.9708618929208       -6.432747250000006
3675.4464533058335       -6.431285850000009
3676.1548770310746       -6.429209225000008
3677.0734073117333       -6.426530025000005
3678.0633064613626       -6.423643124999998
3679.037376601399       -6.420784025000003
3679.9193442787414       -6.41816695
3680.643885091836       -6.415970250000001
3681.1549628148014       -6.414350600000006
3681.3897602820252       -6.413481599999997
3681.293974669188       -6.4135150250000095
3680.824406927964       -6.414577625000007
3679.963405845141       -6.416720675000008
3678.707010866999       -6.4199624250000085
3677.07848737989       -6.424249125000003
3675.101177973506       -6.429519874999997
3672.8128566098676       -6.4356791000000015
3670.2681923332557       -6.442577874999998
3667.505721180222       -6.450115600000004
3664.568971169168       -6.45817670000001
3661.4853431117876       -6.4666809
3658.28974812507       -6.475539574999999
3655.0077317915902       -6.484679775000004
3651.67148312162       -6.494010700000004
3648.29711698721       -6.503487500000006
3644.901530072498       -6.513064450000002
3641.4923338086896       -6.522717725000007
3638.079624681753       -6.532430875000003
3634.686852167435       -6.542131800000007
3631.331525441515       -6.551759224999998
3628.011040470517       -6.561318075000003
3624.7303150607163       -6.570798199999999
3621.4942500874267       -6.580177300000003
3618.3052306345       -6.5894531
3615.169796855388       -6.598599725
3612.0928045611163       -6.607602875000012
3609.071616051149       -6.616472325000004
3606.10277429857       -6.625209975000004
3603.1869839080664       -6.633816875000008
3600.3299231488763       -6.642274525000005
3597.5190306062173       -6.650626825000003
3594.7889661782046       -6.658761850000005
3592.114735597342       -6.666748375000012
3589.498696844601       -6.674582424999997
3586.9134702719366       -6.682346050000007
3584.393656025989       -6.6899350000000055
3581.943242695107       -6.697328550000009
3579.5571449873696       -6.704542650000008
3577.229470757204       -6.711592375000009
3574.964223900983       -6.718465475000002
3572.7473025449517       -6.725202875000008
3570.5810850151292       -6.731797799999995
3568.4679457413336       -6.738241049999999
3566.4160039877884       -6.744505474999997
3564.414486008342       -6.750622375000006
3562.462487928295       -6.756596799999997
3560.556650210822       -6.7624371
3558.698538742753       -6.768134450000005
3556.8872608519814       -6.773697425000009
3555.1268389908346       -6.779111825000001
3553.4171985478993       -6.784374025000005
3551.754995798712       -6.789494250000004
3550.141799831384       -6.794470625000002
3548.575910385522       -6.799305799999999
3547.055632020426       -6.804002374999996
3545.5800902970814       -6.808566400000004
3544.1475977785567       -6.8130007500000005
3542.757287024911       -6.8173098250000095
3541.407477963005       -6.8214963250000125
3540.098939846034       -6.825560949999996
3538.829997607894       -6.829506125000009
3537.6006090106503       -6.833333050000007
3536.411547431296       -6.837038775000011
3535.262772487863       -6.840624024999997
3534.1542451751343       -6.844090175000005
3533.083487293983       -6.847441224999997
3532.050464721857       -6.850683025000009
3531.054331489855       -6.8538120250000105
3530.09668222308       -6.856828149999998
3529.177485759444       -6.859731225000004
3528.2942749332074       -6.862527249999999
3527.443773947214       -6.865225074999998
3526.6251472161725       -6.867829825000001
3525.8383726418742       -6.870341925000005
3525.084240669704       -6.872760049999997
3524.361918913211       -6.8750819750000005
3523.6429905606383       -6.877407149999996
3522.933131888329       -6.879712325
3522.2785661430976       -6.881854125000004
3521.66466644649       -6.883873375000007
3521.084925492287       -6.885789700000004
3520.5377051770206       -6.887611950000007
3520.02055882224       -6.889345849999998
3519.5318523944534       -6.890997550000009
3519.0642814106577       -6.892586675000004
3518.622698618461       -6.894100675000004
3518.203043766497       -6.895551150000003
3517.805309021814       -6.896935550000009
3517.42786712541       -6.898259899999999
3517.0699017193656       -6.899527025000012
3516.7273580810634       -6.900748225000001
3516.3978026690547       -6.901926400000008
3516.076374195677       -6.903080850000009
3515.754165571176       -6.904230975000004
3515.4198446224823       -6.9054074499999984
3515.1867292161287       -6.9061762500000015
3514.9479638368703       -6.906962800000002
3514.667131758808       -6.907837400000005
3514.432447810213       -6.908438349999997
3514.3183485177406       -6.908701925000003
3514.2617048549455       -6.908850175000012
3514.206680456743       -6.909009150000003
3514.179977750471       -6.909073200000009
3514.1662218900624       -6.90912572500001
