2707.680579194195       12.38597935
2705.972009782447       12.389336699999994
2705.9717605532246       12.389336749999998
2705.9712620948517       12.389337599999998
2705.9712620948517       12.389337624999996
2705.9712620948517       12.389337649999995
2705.9712620948517       12.389337649999995
2705.9712620948517       12.389337649999995
2705.9712620948517       12.389337674999993
2705.9712620948517       12.389337699999999
2705.9712620948517       12.389337724999997
2705.9712620948517       12.389337749999996
2705.9712620948517       12.389337899999994
2705.9712620948517       12.389337949999998
2705.9712620948517       12.389338024999994
2705.9712620948517       12.389338124999995
2705.9712620948517       12.389338224999996
2705.9712620948517       12.389338349999996
2705.9712620948517       12.389338499999994
2705.971324402143       12.389338674999998
2705.971324402143       12.389338874999993
2705.971324402143       12.389339124999992
2705.9713867094356       12.389339399999997
2705.97144901673       12.389339699999994
2705.9715113240254       12.389340049999994
2705.971573631325       12.389340425
2705.9716982459236       12.389340824999998
2705.9718228605275       12.389341249999994
2705.9720720897553       12.389341674999997
2705.9723836263192       12.389342049999996
2705.972757470246       12.389342324999994
2705.9733182362315       12.389342449999994
2705.97400361704       12.389342299999996
2705.975000534888       12.389341799999997
2705.9763712975287       12.389340675
2705.978053598083       12.389338774999999
2705.980421282115       12.389335774999992
2705.983349736283       12.389331499999997
2705.987150500677       12.389325374999999
2705.9920728100374       12.389317074999994
2705.998178978394       12.389306224999999
2706.005655938005       12.389292524999995
2706.0151267831725       12.389274774999997
2706.0264669177022       12.389253249999996
2706.0402371449486       12.389226749999992
2706.0564998112645       12.389195274999999
2706.0768750138905       12.389156199999995
2706.100615122384       12.389110249999995
2706.1297764855694       12.389053899999993
2706.1643592787027       12.388986799999998
2706.206233090017       12.388905899999997
2706.2560837102023       12.388809424999998
2706.3155317752394       12.388694274999992
2706.3876314428653       12.388554874999997
2706.474066333096       12.388387674999997
2706.5775799529806       12.388187274999993
2706.7021630026743       12.387946349999993
2706.8514957147336       12.387657274999995
2707.0306933782595       12.387310499999998
2707.2458085705675       12.386894124999998
2707.5033334715376       12.386395799999995
2707.812694967292       12.385797024999995
2708.1877543337805       12.385070574999993
2708.634276765805       12.384206399999997
2709.170325628284       12.38316845
2709.8120520926923       12.38192565
2710.2739446347623       12.381031024999999
2710.735853490282       12.380136349999994
2711.195718529554       12.379245399999995
2711.6575347290313       12.378350749999996
2712.1188051042636       12.377456799999997
2712.673220145752       12.376382574999994
2713.0737535508692       12.375605924999995
2713.4722842547503       12.374833449999997
2713.8694362489778       12.374063824999993
2714.0678465625265       12.373678874999996
2714.266958863085       12.373293099999998
2714.465835759574       12.372907524999995
2714.665977377556       12.372519749999995
2714.8671964582372       12.3721295
2715.105815734302       12.371666524999995
2715.3924116374114       12.371110999999999
2715.736129031854       12.370444749999997
2715.981140989595       12.369969874999995
2716.2283015292364       12.369490575
2716.4759224052077       12.369010674999998
2716.72250242255       12.368532374999994
2716.9703560332628       12.368051674999997
2717.1485968990373       12.367706049999995
2717.327162301749       12.367359699999994
2717.5049259920647       12.367014774999994
2717.6830767731935       12.366669324999997
2717.86167730082       12.366322824999997
2718.0765266325757       12.365906049999992
2718.331388873959       12.365411474999995
2718.6380438549972       12.364816549999993
2719.008279278719       12.364098599999998
2719.4506370999734       12.363240074999993
2719.9804341459244       12.362212574999994
2720.362377870697       12.361471149999993
2720.7448764082606       12.360729
2721.125924977135       12.359989249999998
2721.5089695291804       12.359245949999995
2721.8941362400906       12.358497324999995
2722.3568345041012       12.357598474999996
2722.9072607768926       12.356529349999995
2723.305103932087       12.355756624999998
2723.7007474560996       12.354987724999994
2724.0959466623954       12.354219974999992
2724.4907013409006       12.353453374999994
2724.884823053366       12.352688
2725.1739571764356       12.352126024999997
2725.3166531599386       12.351848799999999
2725.458980079214       12.351572299999994
2725.601879265031       12.3512949
2725.7439072670695       12.351018624999995
2725.886256499258       12.350742124999996
2726.0563572614615       12.350411224999995
2726.2615593536348       12.350012874999997
2726.508776512296       12.349532374999995
2726.803922133985       12.348959025
2727.1583148802088       12.348270399999997
2727.4123958552077       12.347776374999995
2727.6676938324135       12.347280349999998
2727.9220735155823       12.346785674999992
2728.175409006224       12.346293674999998
2728.4296475651763       12.345799524999997
2728.735745280828       12.345204449999997
2728.956669645746       12.344775049999996
2729.1766692727897       12.344347499999998
2729.3958696287573       12.343920874999995
2729.615338997174       12.343493899999999
2729.747519355978       12.343237074999998
2729.8792661109683       12.342980824999998
2730.010956363672       12.3427248
2730.142464377587       12.342469049999998
2730.2742301939466       12.342213049999998
2730.4318420298055       12.341906374999994
2730.6214032171333       12.341537849999995
2730.849019773911       12.341095024999994
2731.122373346377       12.3405633
2731.45040859416       12.339925374999993
2731.8439645136773       12.339159849999994
2732.3158409052335       12.338241824999997
2732.884264171341       12.337136124999994
2733.564652495339       12.335811824999993
2734.3793147268984       12.334225974999995
2735.359169795928       12.332318849999993
2736.0641772541508       12.330945949999993
2735.708627195932       12.331638474999998
2736.0605232446496       12.330953924999996
2736.4103852873413       12.33027285
2736.761552392125       12.329589099999993
2737.1239829200194       12.3288838
2737.5425613496873       12.328068099999996
2738.048268782602       12.327082899999994
2738.655972511989       12.325898949999996
2739.0925078178757       12.3250484
2739.5289234665015       12.324197999999996
2739.9642730282076       12.323349599999993
2740.4010168741124       12.322498425
2740.615249969301       12.321966699999997
2741.136736177535       12.320952374999997
2741.7636859664976       12.319730549999996
2742.215176077333       12.318850474999998
2742.666929992397       12.317969949999998
2742.892392755422       12.317530349999998
2743.117874052761       12.3170906
2743.3413525165874       12.316654724999992
2743.566554856174       12.316215725
2743.7923442860615       12.315775574999996
2744.061875526481       12.315249924999996
2744.3850825591276       12.314619674999996
2744.7748140712265       12.313859749999999
2745.241338639395       12.312949374999995
2745.8009440240294       12.311857624999995
2746.204535047752       12.311070124999993
2746.6080589072485       12.310282699999995
2746.8087362380634       12.3098909
2747.010503519218       12.309497449999995
2747.2114000247584       12.309105099999996
2747.413386668235       12.308711199999998
2747.6148187670456       12.308317949999996
2747.8563796191415       12.307846424999994
2748.1464958215183       12.307280049999996
2748.4927771043203       12.306603999999993
2748.9099926170506       12.305789524999994
2749.4125454277214       12.304808275
2749.773358904864       12.304103074999993
2750.133523166718       12.303399774999995
2750.493544605381       12.302696499999996
2750.8539298783867       12.301992624999997
2751.212145155196       12.301292749999995
2751.643078804098       12.300450649999995
2752.1626710265996       12.299435324999997
2752.784219494005       12.2982205
2753.231438397304       12.297346724999997
2752.045690854643       12.298977949999994
2752.255130704384       12.298595274999997
2752.478593031306       12.298160649999993
2752.700742452546       12.297726224999998
2752.9250016209603       12.297288549999998
2753.1928308105194       12.296765324999996
2753.5145138412668       12.296136849999996
2753.896854532684       12.295390424999994
2754.3604266284387       12.294484949999998
2754.9167527157997       12.293397424999995
2755.5851776034324       12.292090524999999
2756.0608375547836       12.291161749999993
2756.5388011198856       12.290226399999995
2757.0183076762705       12.289288849999998
2757.4983421001593       12.288350224999995
2757.976808980247       12.287414174999995
2758.5440918558725       12.286304625
2759.234617026601       12.284954374999998
2759.7311777632326       12.283982549999998
2760.2270651835047       12.283011799999997
2760.722215324388       12.282042199999992
2760.9709044554984       12.281555849999997
2761.219425250529       12.281069174999999
2761.4670782234907       12.280584299999994
2761.7146262267097       12.280099549999996
2761.962005631458       12.279615124999992
2762.25939899402       12.279032799999996
2762.616173352588       12.278333699999997
2763.0443125132842       12.277494624999996
2763.556894425452       12.276490799999998
2763.925800990846       12.275768049999996
2764.2952023532       12.275044574999995
2764.6634435703027       12.274322899999994
2765.031861176497       12.273600849999994
2765.4000731750566       12.272879224999997
2765.8415082860133       12.272014274999997
2766.3716164455095       12.270975524999997
2766.7525570731714       12.270228549999999
2767.1345058921447       12.269480074999997
2767.5151692264103       12.268733174999994
2767.8972870568027       12.267983874999999
2768.277800355924       12.267237249999994
2768.5521593118847       12.266698949999999
2768.8262904407216       12.266160974999998
2769.100448712946       12.265623374999997
2769.3745703640334       12.265085399999997
2769.6496119806607       12.264545724999998
2769.8462327805287       12.26415935
2770.0434415821583       12.263772274999994
2770.2402817018838       12.263385874999997
2770.4389219765335       12.262995849999996
2770.6358539954645       12.262609049999995
2770.872165375719       12.262145174999993
2771.15386415292       12.261592274999998
2771.493599704373       12.260925949999994
2771.900967158153       12.260125274999993
2772.3908702252447       12.259163149999992
2772.978293547565       12.258009024999993
2773.679074010639       12.256631524999996
2774.5276039828927       12.254963674999999
2775.54114655839       12.252970999999995
2775.9081374259986       12.252249475
2776.2721722933065       12.251533449999997
2776.636190966034       12.250817324999993
2777.000513139274       12.250100774999993
2777.3640517498493       12.249385425
2777.800808631807       12.248525824999994
2778.3236769078617       12.247497024999994
2778.950557687938       12.246263324999994
2779.703602981326       12.244781024999995
2780.6049400563124       12.243006249999993
2780.9278408868713       12.242370224999995
2781.2523802317555       12.241731074999997
2781.5768293546207       12.241091949999998
2781.89933060206       12.240456574999996
2782.221997366958       12.239820299999998
2782.6115278490142       12.239053074999994
2783.0780110929527       12.238133524999995
2783.6379583095       12.237029499999998
2784.307774149928       12.235708874999993
2784.7885844667708       12.234760749999992
2785.2710811431693       12.233809124999993
2785.7466696924516       12.232871899999992
2786.2286908152055       12.231921474999993
2786.710410344358       12.230971024999995
2787.0566736334376       12.230287474999997
2787.403044129858       12.229603474999998
2787.748302247373       12.228921324999995
2788.0962994567103       12.228234899999997
2788.441964474638       12.227552274999994
2788.8583730882533       12.226728799999997
2789.157185385555       12.226138824999992
2789.455901239916       12.225548874999994
2789.7541351946843       12.224959499999997
2790.0525295217244       12.224369874999994
2790.3508915150533       12.223780774999994
2790.707502931245       12.223075399999999
2791.1337615481298       12.222234049999997
2791.6509116297407       12.221210475
2792.2685835151333       12.219988949999994
2793.009610032932       12.218522899999996
2793.5417091137324       12.217470249999998
2794.0733305419626       12.216418124999997
2794.604795747111       12.215366324999998
2795.1435704164505       12.214297974999994
2795.46120782264       12.213668174999995
2795.7793963263885       12.213038174999994
2796.0975566648603       12.212407774999996
2796.412404939739       12.211784074999997
2796.730701711843       12.211154049999998
2797.1107348419155       12.210401274999995
2797.567924959379       12.209495349999997
2798.116419798064       12.208408149999997
2798.7741240045198       12.207104374999993
2799.562773788048       12.205540049999996
2800.1322918005967       12.204410049999993
2800.69863675693       12.203286174999995
2801.2639352332285       12.202164449999998
2801.546014431906       12.201604924999998
2801.405519572462       12.201883624999994
2801.546788527785       12.201602974999993
2801.6883871632776       12.201322249999997
2801.829605868504       12.201041849999996
2801.970767174075       12.200761474999993
2802.140454023913       12.200424649999995
2802.343833702949       12.200020849999994
2802.588141117934       12.199535524999995
2802.8813252225373       12.198953149999994
2803.232502437164       12.198255524999993
2803.6527982461776       12.197421049999996
2804.152445449567       12.196429924999997
2804.757060770413       12.195227899999992
2805.4834430637943       12.193783599999996
2806.340022620183       12.192085374999998
2807.384643660913       12.190006124999996
2808.1365356794267       12.188509799999999
2808.8877235959835       12.187013399999998
2809.636589380569       12.185522174999996
2810.0094472156406       12.184779399999996
2809.8230444627025       12.185150524999997
2810.0101589471774       12.184777774999993
2810.196962356262       12.184405575
2810.3837134721566       12.184033449999994
2810.5702828512367       12.183661625
2810.794143622571       12.18321555
2811.0630719383344       12.182679324999995
2811.3857551468523       12.182036174999993
2811.7712758184502       12.181266499999992
2812.0499453333146       12.180711074999998
2812.3274768541637       12.180157674999997
2812.604258614234       12.179605774999999
2812.881715304301       12.179052499999997
2813.1593289155817       12.178498724999997
2813.4915167133227       12.177836
2813.8912564417633       12.177038524999993
2814.3700470366703       12.176082749999999
2814.9436143718194       12.174937774999997
2815.6321143068667       12.1735628
2816.4574859267636       12.171913574999998
2817.446966741316       12.169935874999993
2817.8021749041545       12.169225774999994
2818.155610917024       12.168519124999996
2818.5103243343624       12.167809599999998
2818.865082398493       12.167100149999996
2819.219625455302       12.166390874999998
2819.6446555433654       12.165540249999992
2820.154490512716       12.164519924999993
2820.7661933310437       12.163295474999998
2821.502114001867       12.161820974999998
2822.380286223732       12.160061374999998
2823.0109974009533       12.158797374999999
2823.3266658794505       12.158164474999992
2823.642694739787       12.157530099999995
2823.958173758371       12.156897299999997
2824.2728426178523       12.1562658
2824.5876766174183       12.155634024999998
2824.965705876115       12.154875675
2825.2358599773415       12.154333224999995
2825.5078615853063       12.153787749999992
2825.778913390792       12.153243224999997
2826.0499261261525       12.152698899999997
2826.3208997751603       12.152154749999994
2826.645790038108       12.151502474999994
2827.0362674678513       12.150718349999998
2827.502515697575       12.149781474999997
2828.063456519081       12.14865485
2828.4666994351865       12.147844475
2828.8699998481834       12.147033324999995
2829.2729668877314       12.146223149999997
2829.675861017763       12.145413249999997
2830.0786170258116       12.144602924999994
2830.561791342253       12.143630724999994
2831.140353471828       12.142465899999998
2831.834510266176       12.141069799999997
2832.664500991415       12.139398
2833.2613681365315       12.138195624999994
2832.9631797705274       12.138796249999999
2833.2616290895576       12.138195399999994
2833.560175095007       12.137594049999997
2833.85849155077       12.136992924999994
2834.156578377732       12.136392249999993
2834.5139584632757       12.135672174999996
2834.9428609964866       12.134807599999995
2835.457159624507       12.133770724999998
2836.0732918039303       12.132528374999993
2836.8110504428114       12.131040899999995
2837.3425436511106       12.129968299999994
2837.874005748851       12.12889595
2838.403998834207       12.127826424999995
2838.934809957223       12.126754849999998
2839.464151201139       12.125685749999995
2839.8450215236994       12.124916374999998
2840.225485143839       12.124147574999995
2840.605803513871       12.123378949999996
2840.986303642413       12.122609974999996
2841.3660696405113       12.121842674999996
2841.8219867191524       12.120920799999993
2842.3679009993616       12.119816624999999
2843.0248124200184       12.118488249999999
2843.809822933461       12.116900174999998
2844.3745228720577       12.115757249999994
2844.0917332178356       12.116329549999996
2844.3737369424402       12.115759274999995
2844.6555721270556       12.115189074999996
2844.937369730247       12.114618274999998
2845.106514100206       12.114275924999994
2845.2750788925823       12.113934749999999
2845.444374378431       12.113591924999994
2845.6132212787556       12.113250474999994
2845.7814884594304       12.112909499999994
2845.9837105475362       12.112500049999994
2846.2266450614966       12.112007399999996
2846.518429807877       12.111416399999996
2846.8685847679426       12.110706975
2847.2886046688022       12.109854599999998
2847.5900712222397       12.109243449999994
2847.891307394       12.108632924999995
2848.192444268322       12.108022349999999
2848.4934818069723       12.107412174999993
2848.79487914317       12.106801899999994
2849.1571228766725       12.106068399999998
2849.5926372846434       12.105187549999997
2850.115171821093       12.104131499999994
2850.7437444589586       12.102861824999998
2851.194469823071       12.101952699999998
2851.648680853569       12.101036549999996
2852.1008627360407       12.100123199999999
2852.5531820028173       12.099209149999993
2853.0071496332134       12.098292649999998
2853.5500875570297       12.097196749999995
2854.1990680618105       12.095888349999996
2854.9797355472756       12.0943149
2855.541459158367       12.093180949999997
2856.103556346674       12.092046374999995
2856.6628699870544       12.090918449999997
2857.223148428191       12.089787999999999
2857.7838657714697       12.088655724999995
2858.4559898693956       12.087298524999994
2858.939466764437       12.086322824999996
2859.423025434363       12.085346099999995
2859.664736669909       12.084858075
2859.906204930549       12.084370449999994
2860.1466398634616       12.083885149999993
2860.387753638502       12.083398324999997
2860.6293488186598       12.082909774999997
2860.9184599443793       12.082325949999998
2861.2662356384003       12.081623449999995
2861.682185815371       12.080782924999994
2862.181498111869       12.079774699999994
2862.540566521289       12.079048924999995
2862.900075501044       12.078323249999997
2863.2587066261435       12.077598349999995
2863.6169211158685       12.076874274999994
2863.9754442027042       12.076149824999995
2864.4050452222104       12.075281049999994
2864.7134031433457       12.074657774999999
2865.022651864193       12.074032474999996
2865.3318020153424       12.0734079
2865.6397978167747       12.072785149999994
2865.9482226701666       12.072161599999994
2866.31878550883       12.071412574999997
2866.762864064609       12.070514799999998
2867.29547942711       12.069437724999993
2867.9336522757067       12.068146224999992
2868.699779295314       12.066595424999996
2869.2503282666044       12.065481624999997
2869.8001899417645       12.064368024999993
2870.35009089988       12.063254549999996
2870.8985768153707       12.062142974999993
2871.4474320093295       12.061031449999994
2872.1053105729225       12.059699324999997
2872.5784626544387       12.058741099999999
2873.0513619109865       12.057783099999995
2873.2875430131417       12.057304649999999
2873.52367736539       12.056826399999999
2873.75943409922       12.056348674999995
2873.995077823217       12.055871724999996
2874.2308732328456       12.055394124999992
2874.513614983631       12.054821049999994
2874.8525181448986       12.054134074999993
2875.2595195025187       12.053309349999992
2875.551168626732       12.052718099999993
2875.8442379277267       12.05212435
2876.1366748426226       12.051531524999994
2876.428810333525       12.050938949999995
2876.721372930983       12.050346149999996
2877.0717321107913       12.049635599999995
2877.4921664469025       12.048782974999995
2877.9965566921624       12.047759774999996
2878.6009872294508       12.046533749999995
2879.3252780581897       12.045064174999993
2880.1945217123007       12.043300824999996
2880.818385121206       12.042034924999996
2881.1305665196555       12.041401074999996
2881.4417201852507       12.0407692
2881.753836422058       12.040135799999995
2882.065123760979       12.039503849999996
2882.3757810335637       12.038873174999992
2882.748866197515       12.038115649999995
2883.1966188611923       12.037206724999997
2883.7334162549223       12.036116624999998
2884.377173730057       12.034809499999994
2885.1486234606145       12.033242899999998
2885.702661454675       12.032118099999998
2886.257071675298       12.030991975
2886.8105248704474       12.029866899999995
2887.3646160649882       12.028741874999994
2887.9172176886996       12.027619424999997
2888.5796677959647       12.026273174999993
2889.0557334403143       12.025305549999999
2889.5325428842307       12.024337149999994
2890.010163015007       12.023365649999995
2890.484667409673       12.022401574999996
2890.9591831453727       12.021437274999997
2891.3007575488873       12.020743474999996
2891.642239145264       12.020049674999996
2891.983960844025       12.019355174999994
2892.324790550467       12.018662199999994
2892.665394000458       12.017969599999994
2893.0745174864564       12.017138099999997
2893.5649157592984       12.01614085
2894.15255712184       12.014945674999993
2894.8578976211115       12.013511999999992
2895.3652652048127       12.012479549999995
2895.870654635142       12.011454299999997
2896.375732132674       12.010427974999999
2896.8813646443573       12.009399924999997
2897.3865517080662       12.008372299999998
2897.992585525039       12.007140374999999
2898.71855173056       12.005663899999995
2899.5893102865098       12.003893174999995
2900.2150373979043       12.002620274999998
2900.840431980016       12.001348449999995
2901.4638903508753       12.000081774999998
2902.087415894466       11.998814074999999
2902.7114096208843       11.997544774999994
2903.457678270857       11.996026999999998
2903.9949714130034       11.994934724999993
2904.530758879325       11.993845574999995
2905.0659762822665       11.992757949999998
2905.33402335346       11.992213199999995
2905.6015599254097       11.991669074999997
2905.8692549535863       11.991124799999994
2906.13670697959       11.990581049999996
2906.404116699065       11.990037599999994
2906.724692807322       11.989385849999998
2907.109163057474       11.988603924999993
2907.5706748241287       11.987665374999992
2908.1225232264433       11.986541399999993
2908.7860583665156       11.985191849999993
2909.584135074122       11.983568724999998
2910.1549270019127       11.982407499999994
2909.8687465169514       11.982988674999994
2910.1548599931207       11.982407249999994
2910.440465478464       11.981826824999999
2910.7254287740384       11.981247549999999
2911.010084828131       11.980669899999995
2911.3520842431612       11.979974924999993
2911.7621074857047       11.979141349999992
2912.254265247955       11.978141549999997
2912.844696087132       11.9769407
2913.5521098694157       11.975503449999998
2914.400750023994       11.973778699999997
2915.4163162447635       11.971715024999995
2916.633300366959       11.969244049999993
2918.0950910085508       11.966279599999993
2918.6169478068923       11.965219149999996
2919.1402422448155       11.96415725
2919.6627565465096       11.963097674999993
2920.185364376154       11.962036799999993
2920.70698972207       11.960978499999996
2921.3327671605934       11.959708449999994
2921.783687114072       11.958793174999997
2922.233061782821       11.957881174999997
2922.6826401605695       11.956972174999997
2923.131480013655       11.956061949999999
2923.5799848880843       11.955153099999997
2924.1182411765412       11.954062099999994
2924.763538736206       11.952753999999999
2925.537571826328       11.951185424999998
2926.4657116014805       11.949307324999992
2927.130938247105       11.947960874999993
2927.79624869306       11.946614424999993
2928.461238345857       11.945269274999994
2929.125569690175       11.943924599999995
2929.7896469748803       11.942580624999998
2930.266431943884       11.941615624999997
2930.743631917715       11.940650724999998
2931.2201671722382       11.939687074999995
2931.696307377143       11.938723775
2932.172659956633       11.937763274999995
2932.7424809050954       11.936611799999994
2933.427033626889       11.935227949999998
2934.247883538923       11.933571149999992
2935.231435877881       11.931585999999996
2935.9379318672663       11.930160274999999
2936.644462669337       11.928735949999997
2937.349607892587       11.927313799999993
2938.055328342181       11.925891124999993
2938.4773669866695       11.925040574999997
2938.8995339258054       11.924190399999993
2939.3214231151715       11.923340674999999
2939.742425207047       11.922492699999992
2940.1643676965837       11.921644099999995
2940.6695869048604       11.920627299999992
2941.2751247555307       11.919410224999993
2942.0011625113693       11.917950149999996
2942.872861229529       11.916199999999996
2943.9167867659557       11.914104024999993
2945.1673007582326       11.911599799999998
2946.064697492638       11.909801099999996
2945.615320610467       11.910700999999996
2946.065104506546       11.909800474999997
2946.512514627359       11.908903624999994
2946.9612819642643       11.908004874999996
2947.4093711176984       11.907107699999997
2947.9469915522777       11.906033399999998
2948.59157300312       11.904743749999994
2949.3645097603558       11.903198199999999
2950.2906301754683       11.90134775
2950.956720019877       11.900018199999998
2951.621533012115       11.898692099999998
2952.2860199259353       11.897367024999994
2952.9504524504746       11.896042749999992
2953.348109286746       11.895250374999996
2953.745751660668       11.89445825
2954.144127790382       11.893665849999998
2954.5411970328687       11.892875624999995
2954.9380474859336       11.892087274999994
2955.414637816265       11.891139799999998
2955.9861167786976       11.890003725
2956.6711932116355       11.888643774999998
2957.4933038376407       11.887013049999993
2958.4779720697934       11.885062174999995
2959.1861113940663       11.883659899999998
2958.832293065508       11.884360699999995
2959.186043256286       11.883660624999997
2959.539154281357       11.882961599999994
2959.892648212344       11.882262774999994
2960.245979878881       11.881564474999998
2960.669842673089       11.880727024999999
2961.1785172285536       11.879722949999994
2961.7880054536954       11.87852135
2962.5187656298926       11.877080574999994
2963.044678004681       11.876044549999996
2963.5697283983454       11.875010774999993
2964.094871830741       11.873977724999996
2964.61969874098       11.872947199999999
2965.1435944533328       11.871917874999994
2965.773019779036       11.870684999999995
2966.5260748164733       11.869209399999995
2967.068821884274       11.868145999999996
2967.610984933753       11.867084899999995
2968.1524269200236       11.866025725
2968.6938993359295       11.864967174999997
2969.234581732135       11.863911074999997
2969.8831339663543       11.86264525
2970.6611732285173       11.861128824999994
2971.5940493635585       11.859313324999995
2971.9296170629386       11.858660999999998
2972.2651542174167       11.858008949999999
2972.600181681511       11.857358249999997
2972.934973091754       11.856712299999998
2973.269870670205       11.856063475
2973.671359346358       11.855285299999998
2974.1530940526636       11.854352674999994
2974.7307307497845       11.853233999999993
2975.4235084853635       11.851894349999995
2976.254670966764       11.850289324999999
2977.251549781408       11.848368899999997
2977.968845511269       11.846988599999996
2978.684599386758       11.845612424999999
2979.399770658006       11.844239199999997
2980.115319498325       11.842867849999998
2980.829736101776       11.841500599999996
2981.6870561323994       11.839862049999994
2982.7143250420686       11.837903349999998
2983.9472400882996       11.835558699999993
2985.423313852612       11.832759324999998
2987.1940805217996       11.829416499999994
2989.3144399382036       11.825427674999993
2990.075400273772       11.824001849999995
2989.6945516939722       11.824715499999996
2990.0752625757154       11.824002774999997
2990.455539933063       11.823291274999995
2990.6457311787917       11.822935824999995
2990.8355901878804       11.822580924999997
2991.0255989918483       11.822225949999996
2991.2156887424285       11.821871149999993
2991.40572169419       11.821516674999998
2991.6336531797015       11.821091624999994
2991.907207665561       11.820581949999998
2992.235354489694       11.819970874999996
2992.628999026145       11.819238749999997
2992.9122925200336       11.818712174999995
2993.195612831551       11.818186449999999
2993.4788910358307       11.817660874999994
2993.7618513801767       11.817135924999995
2994.0449763523775       11.816611424999998
2994.3847340837233       11.815982724999998
2994.792383922052       11.815229549999998
2995.2811955833376       11.814326849999993
2995.867557573993       11.813246174999996
2996.571398682941       11.811950874999994
2997.4151634124587       11.810400724999994
2998.4271385926118       11.808547699999998
2999.1551297619635       11.807217549999997
2999.882676007302       11.805892099999994
3000.6101223771075       11.804570774999995
3001.3365703047393       11.803253499999997
3002.0641618564578       11.801939249999997
3002.935886552873       11.80036595
3003.981612464323       11.798484474999995
3005.2359124460654       11.796237324999993
3006.7405175740714       11.793555374999997
3008.544225575992       11.790358299999994
3010.7092716160146       11.786552125
3011.4864955618423       11.785193449999994
3012.2639201504444       11.783839299999997
3013.0407128995867       11.782489624999997
3013.8182611312886       11.781143349999994
3014.594760572615       11.779804099999993
3015.5256713670046       11.778202124999993
3016.195863445406       11.777054249999992
3016.86676019945       11.775909199999994
3017.537111368338       11.774768224999995
3018.207611490009       11.773630499999996
3018.812780776859       11.772735599999997
3019.6164318039155       11.771381524999995
3020.5817909612215       11.769760549999994
3021.740044882544       11.767826374999999
3022.573705926982       11.766441199999996
3023.407388118695       11.765062375
3024.240952076875       11.763691424999998
3025.07502447124       11.762323974999994
3025.908908854323       11.7609626
3026.909873543266       11.759336274999995
3028.1832299132648       11.757318474999998
3029.201477634191       11.755757674999998
3030.2228586851215       11.754200074999993
3031.246259251718       11.752647624999994
3032.271611326695       11.751100874999999
3033.2992658778617       11.749558549999996
3034.5355522660775       11.747714074999998
3036.024067335626       11.745510174999993
3037.8168730929774       11.742877549999996
3039.110912728653       11.740994024999992
3040.4097740816037       11.739117949999994
3041.711922025518       11.737250924999998
3043.0194623498096       11.735391424999996
3044.110408166855       11.734318324999997
3045.686652169002       11.732115224999994
3047.5893694155748       11.729480299999999
3049.885252812734       11.726345174999999
3052.66030911709       11.722615074999993
3056.0221663634993       11.718188799999993
3059.840227714204       11.713288524999996
3063.6757570320306       11.708501599999998
3067.5302913091014       11.703830524999994
3071.40396087962       11.699276749999996
3073.3286887163317       11.697069249999998
3075.265669139282       11.694882374999992
3076.238194163971       11.693798149999992
3077.2161283341266       11.692716099999998
3078.1971376339234       11.691640199999995
3079.181508408976       11.690572149999994
3080.170165689705       11.689506674999997
3081.361344027601       11.688238574999993
3082.7986490738303       11.686724824999999
3084.534484957416       11.684924849999994
3086.633390676335       11.682788349999996
3089.176340584283       11.680259624999998
3092.266531701427       11.677273624999998
3096.0322080241267       11.673761649999996
3100.1502314612762       11.670082524999998
3104.3141179096       11.666534599999999
3108.533843367109       11.663107824999997
3112.814350806226       11.659809674999998
3117.162981171736       11.656631599999997
3121.5874067254854       11.653577549999994
3126.096354600561       11.650641725
3130.699904493927       11.647821324999995
3135.411522339926       11.645105199999996
3140.2442567893554       11.642495075
3145.218127046915       11.639974449999997
3150.358660854076       11.637527174999995
3155.7067588735517       11.635115674999994
3161.331654839621       11.632683224999994
3167.238369242905       11.630239524999993
3173.4074721518577       11.627818999999995
3179.873913975031       11.625402549999997
3187.366692386955       11.622344174999995
3207.4817943445432       11.620926849999996
3216.619644981595       11.617340324999994
3227.0787234930294       11.611960199999999
3238.674635453065       11.605151949999993
3251.5968937517864       11.596739324999994
3265.8735089507522       11.586770049999998
3278.163270357199       11.577835975
3288.5353904785416       11.570085199999994
3297.2434940303347       11.563417375
3304.547204335       11.557792799999994
3312.1851827777896       11.551812099999992
3320.222742290168       11.545486699999998
3328.567128801125       11.538825999999993
3336.8892282067477       11.532183749999994
3345.424090898808       11.525270049999996
3353.890659297455       11.518448424999995
3362.635317307089       11.511271049999998
3371.1899222731995       11.504331449999995
3380.1270145033855       11.496897124999997
3388.8311463856508       11.489738949999996
3397.7853539413427       11.482247199999996
3406.6277514910403       11.474868474999994
3415.4943401683286       11.467423349999997
3424.418621370923       11.459854299999996
3433.1152264679463       11.452522599999995
3442.079604688358       11.444788624999994
3450.723170388773       11.437389124999996
3459.511750046647       11.429748599999996
3468.1877505647135       11.422161899999992
3476.734442720132       11.41468295
3485.4460914743086       11.406904849999997
3493.8462537886435       11.399440099999993
3502.435369594978       11.391653424999994
3510.8433326058544       11.3839835
3519.1352639243487       11.376390124999993
3527.5709705102513       11.368495799999998
3535.6999305827662       11.360891449999997
3543.9920582225045       11.35298005
3552.125815564003       11.345151275
3560.0960891318673       11.337442174999993
3568.3105993844124       11.3292936
3576.2338534839973       11.321434374999995
3584.2774504404083       11.313321399999992
3592.341537685736       11.305086749999994
3600.1923935805794       11.297068274999994
3608.375455106278       11.288508725
3616.3782616582575       11.280100824999998
3624.3146121880377       11.271728249999995
3632.5734130521155       11.262837649999994
3640.5987027449364       11.254184374999994
3648.725484371002       11.245347399999993
3657.032079603722       11.236196199999995
3665.1512381728458       11.227249599999993
3673.499287956293       11.217932249999997
3681.924764522474       11.208467349999992
3690.2010662250696       11.199168674999996
3698.7874892077793       11.189415124999996
3707.409683951374       11.179566649999998
3715.9074608673745       11.169871874999998
3724.7624460969478       11.159688024999994
3733.6494509352046       11.149437899999995
3742.4456329323616       11.139298075
3751.5941502031787       11.128708274999994
3760.8394169724484       11.117997949999996
3770.0035573210216       11.107402699999994
3779.4751133944096       11.096437374999994
3789.1805553249583       11.085212599999998
3798.809802564794       11.074117949999994
3808.6168984528013       11.062851824999996
3818.906100104769       11.051063574999993
3829.1051274961014       11.039435075
3839.3452725287475       11.027827224999996
3850.273763826522       11.01552495
3861.18819739797       11.003331549999999
3872.169323283905       10.991157874999999
3883.55982759316       10.978649599999997
3895.420630579866       10.965775249999993
3907.322965908092       10.952998624999992
3919.380702533266       10.940207724999993
3932.220925666461       10.926804349999998
3945.3275940542944       10.913315149999995
3958.626795264999       10.899853449999995
3972.1880451126754       10.886346599999996
3986.818180108864       10.872102149999996
4001.694128020875       10.857913624999995
4016.9307984363104       10.843652924999994
4032.513685803885       10.829369949999993
4049.1544247195566       10.814521074999995
4066.323534062117       10.799565074999997
4083.959625967174       10.784570599999995
4102.164765142918       10.769501299999995
4121.193915831415       10.754261824999993
4141.523118616123       10.7384469
4162.021889641971       10.722775999999996
4182.759362600748       10.707203049999997
4203.67720772627       10.691768799999998
4224.780403257301       10.676460549999994
4246.728727327659       10.660901175
4268.949723124792       10.645471674999996
4291.318115649496       10.630233099999998
4313.853179940367       10.615170074999995
4336.536239030537       10.600293574999995
4359.379423778043       10.585637649999995
4383.187208273116       10.570774474999993
4407.018970677416       10.556215724999994
4431.018058589819       10.541883299999995
4455.114907958571       10.527842374999999
4479.366420564386       10.514051574999996
4503.747457930539       10.500546374999999
4529.123258336286       10.486939174999996
4554.564743651023       10.473723199999995
4580.229398809682       10.460808174999997
4606.097959294027       10.448211474999994
4632.196776350084       10.435940624999994
4658.503541654604       10.424058624999994
4685.191211895509       10.412468149999995
4712.602182016342       10.401043574999996
4740.035889757974       10.390084974999994
4767.563212387837       10.379570249999993
4795.168580802862       10.369507299999995
4822.822629192946       10.359921774999997
4850.517770292865       10.350798774999994
4878.181220867181       10.342182699999995
4906.079710092215       10.333994624999995
4934.224552635897       10.326220574999994
4962.111971179256       10.319011074999992
4989.788870398536       10.312359049999998
5017.193835596466       10.306294824999995
5044.33510631013       10.300827974999997
5071.186586051343       10.295946274999999
5097.738692630213       10.291670499999995
5123.964592128703       10.288012449999997
5150.164963148839       10.284917699999994
5176.306214993971       10.282403974999994
5201.9590608728895       10.280580749999999
5227.1546587293315       10.279439274999994
5251.849715192585       10.278992099999996
5276.014251664859       10.279262599999996
5299.636225029998       10.280265049999997
5322.688369156445       10.282026749999993
5345.1548338968105       10.284542749999993
5367.010315371187       10.287831124999997
5388.578202516234       10.291818749999997
5409.662736307112       10.296542849999994
5429.999880110294       10.302083425
5449.637189351079       10.308445674999994
5468.542604760154       10.315635574999995
5486.693498343855       10.323663224999997
5504.051768315639       10.332541949999992
5520.595918470901       10.342266749999993
5536.2787678709565       10.352867749999994
5551.07595762302       10.364343124999998
5564.977208362666       10.376674874999999
5577.953378028184       10.389850899999999
5590.043146731057       10.403858999999997
5601.506573971893       10.418639249999998
5611.9463430615615       10.434215849999994
5621.396254940165       10.450629549999995
5629.838024648999       10.467858774999996
5637.23980687796       10.485918575
5643.625277758049       10.5047785
5648.98602059604       10.524409074999994
5653.312203708765       10.544805349999997
5656.59727536075       10.565971699999999
5658.839677945215       10.587903899999993
5660.045598908065       10.610583174999995
5660.216069670168       10.634001174999995
5659.355818193332       10.658136299999995
5657.470264584218       10.682961599999999
5654.557959914134       10.708460899999999
5650.6415684519425       10.734593049999994
5645.753858336722       10.761309699999998
5639.922159193427       10.788550874999999
5633.169899589047       10.816285274999998
5625.506359739774       10.844518124999993
5616.964382524086       10.873224999999998
5607.547744547064       10.902418399999995
5597.299426096159       10.9320405
5586.229449522983       10.962099249999994
5574.376780682426       10.992560274999995
5561.766347632093       11.023402124999997
5548.409159400821       11.054633349999996
5534.361455469415       11.086178199999992
5519.625724108636       11.118062474999995
5504.19878343063       11.150306074999996
5488.135305412305       11.182841374999995
5471.472994247532       11.215638399999996
5454.232413787786       11.248698299999994
5436.36728113829       11.282040149999993
5417.951087931908       11.315720524999996
5399.080091901253       11.349511725
5379.745364326145       11.383473424999998
5359.965076452802       11.417602474999995
5339.756093347497       11.451901749999998
5319.1184302347065       11.486389524999993
5298.087297922104       11.521030499999995
5276.731789195476       11.555751649999998
5255.03387593866       11.590596924999993
5233.033801891007       11.625529324999995
5210.702400982182       11.660602474999997
5188.051995455666       11.695816449999995
5165.195571477773       11.731049574999993
5142.134830831067       11.766332124999998
5118.90523923627       11.801631174999997
5095.506383530992       11.836958074999998
5071.9799725244575       11.872272599999995
5048.357128752141       11.907548249999998
5024.658148857766       11.942776924999997
5000.8389673371175       11.978021649999995
4977.032308682531       12.013123499999999
4953.216146865783       12.048116174999997
4929.351752698681       12.083059824999992
4905.463063851424       12.117927924999996
4881.516257134508       12.152780199999995
4857.646978733306       12.1874738
4833.890073695536       12.222046974999998
4810.360005247702       12.256281249999994
4786.919233695931       12.290342299999999
4763.601792402524       12.324193674999997
4740.442575361998       12.357869025
4717.447330068282       12.391383099999999
4694.529581378923       12.424752949999998
4671.760603654837       12.457884725
4649.09542087647       12.490840524999996
4626.497480550392       12.523672624999996
4603.863407277845       12.556520024999998
4581.364856036955       12.589163124999999
4558.9282796235275       12.621706224999997
4536.506735238798       12.654212099999995
4514.138399173096       12.686626824999998
4491.858738875157       12.7189087
4469.61452818752       12.751136574999997
4447.450570687067       12.783293949999994
4425.666457395992       12.815291199999997
4404.4900172750295       12.846554899999994
4383.596282932643       12.877455949999998
4362.89488823021       12.908121449999996
4342.332149246624       12.938628174999998
4321.974995773291       12.968878499999995
4301.773402183181       12.998948724999998
4281.798049564709       13.028745024999992
4262.074138814953       13.058250199999996
4242.858615098143       13.087356649999997
4223.938341465376       13.116072974999994
4205.282539760748       13.144450449999994
4186.761288939821       13.172675724999998
4168.568668591918       13.200467749999994
4150.591573149667       13.227993149999996
4132.882231267685       13.255223574999995
4115.578217800132       13.282188174999995
4098.563234807979       13.308753324999998
4081.699798541148       13.335129974999994
4065.161464005974       13.3610568
4048.777026112676       13.386789224999994
4032.6143386919857       13.41227585
4016.9037904981747       13.437417574999998
4001.349253832877       13.462335174999993
3986.1226730830012       13.486770499999999
3971.0720787961163       13.510952824999997
3956.188990171507       13.53488865
3941.6383070089714       13.558534999999992
3927.214205296283       13.582123799999998
3912.9677631923155       13.605411824999997
3898.8100780174295       13.628533499999996
3884.742706639578       13.651483274999997
3870.68928283637       13.674431599999998
3857.011377858044       13.697056799999999
3843.2093296212033       13.719820799999994
3829.3654976445796       13.742595424999998
3815.5969239773963       13.765189024999998
3801.7984562538236       13.787772349999997
3788.154208610146       13.810226199999995
3774.489920870957       13.832810074999998
3760.739226124394       13.855449774999997
3746.8951471703813       13.878159724999996
3733.020028319034       13.900841624999998
3719.0306708430853       13.923629624999997
3705.027621042526       13.946453674999994
3691.157612719296       13.969205274999993
3677.0038110846904       13.99231055
3662.7108924974063       14.015546824999994
3648.2800639825145       14.038911624999997
3633.668298835474       14.062476499999995
3618.8484823229965       14.086282024999996
3603.828454598228       14.110313874999996
3588.848372982663       14.134342224999997
3573.621810051766       14.158746224999994
3558.0140605908446       14.183634575
3542.0957755325403       14.208898049999995
3525.818076343096       14.234616899999992
3509.1700169215414       14.260821949999993
3492.1692992387666       14.287496324999992
3474.824460484998       14.314641174999998
3457.1431280645634       14.342259149999997
3439.1572206916567       14.370317499999999
3420.8952813979527       14.398791224999997
3402.400002303549       14.427634999999995
3383.749775775509       14.456749074999998
3365.0162824143927       14.486045499999996
3346.254513645515       14.515459974999999
3327.534906456241       14.544903925
3309.018917443976       14.574176899999998
3290.7262078168164       14.603256849999994
3272.6271574555517       14.6321734
3255.3920608192466       14.660164624999993
3238.693875405973       14.687347449999997
3222.1596883712964       14.714351699999995
3205.8107434852786       14.741154049999999
3189.695017491764       14.767682849999993
3173.8431478248604       14.793891574999996
3158.2852350792136       14.819733450000001
3143.0424018879553       14.845171574999995
3128.109880265714       14.87020665
3113.472040229023       14.894856474999997
3099.116483831341       14.919137749999997
3085.0324036001484       14.943062624999996
3071.202057091916       14.966654074999994
3057.6099289929252       14.989932924999998
3044.243518125489       15.012914999999992
3031.08761476662       15.035621074999995
3018.1297065842905       15.058067649999998
3005.3569423847316       15.080272374999993
2992.7580661734196       15.102250599999998
2980.320430813262       15.124020024999993
2968.0341254063164       15.145594175
2955.8853155717356       15.166991749999994
2943.8590334993637       15.188234725000001
2931.944870595236       15.209337774999995
2920.1311696382245       15.230317999999997
2908.4092016593004       15.251188049999996
2896.769572307894       15.271961724999997
2885.2044277220643       15.292651324999994
2873.7067626598723       15.313267299999993
2862.270997366548       15.333817949999997
2850.890324134763       15.354313999999995
2839.557909215268       15.374766374999993
2828.267936213224       15.395184224999994
2817.014095036077       15.415577849999991
2805.7915955159006       15.435955100000001
2794.5960444119482       15.456323599999997
2783.424656216747       15.476688349999996
2772.275583616372       15.49705255
2761.1465006109092       15.517420349999995
2750.035245819386       15.537795374999995
2738.938432298375       15.558183874999997
2727.852980390883       15.578591199999998
2716.7759247874437       15.599022474999998
2705.704163921846       15.619483299999999
2694.634215517819       15.639979974999996
2683.5616693289694       15.660520474999998
2672.483176683591       15.681110949999997
2661.3945304087188       15.701759049999993
2650.2914774052397       15.722472599999996
2639.1693567666557       15.743260524999997
2628.023473364188       15.764131649999996
2616.848196951292       15.785096449999998
2605.6360246007357       15.8061687
2594.3785799473762       15.827364024999994
2583.0648521661274       15.848702474999996
2571.6825026543097       15.870206724999996
2560.2164871550035       15.891904549999992
2548.6485390821645       15.913829499999999
2536.9566714945126       15.936022025
2525.4739897215936       15.957915799999995
2513.8134177660536       15.980189775
2501.95543647763       16.002869149999995
2489.917399196038       16.025928275
2477.710606786368       16.049354824999995
2465.3618429031367       16.0731083
2453.2068009590325       16.096627599999998
2441.443059977171       16.119547674999993
2429.746135193948       16.142401999999997
2418.070228444818       16.165298574999994
2406.447270720077       16.188184475
2394.913543605818       16.210996074999997
2383.5008437409974       16.233675724999998
2372.233911879767       16.256177124999994
2361.131580510018       16.278463499999994
2350.2092974069933       16.30050337499999
2339.4778624962205       16.322271625
2328.9407505482277       16.343755324999997
2318.5948132342423       16.364953874999998
2308.4667841687415       16.385809699999996
2298.80858311457       16.40584165
2289.2130341666666       16.425818749999998
2279.7568536225313       16.445577975
2270.4343044190305       16.465125824999994
2261.2443774367675       16.484459649999998
2252.192510890651       16.503565249999994
2243.2921675083294       16.52241422499999
2234.5661210161516       16.540960974999997
2226.0372118428136       16.559159774999998
2217.7119671011383       16.576998324999998
2209.5832549465354       16.59449182499999
2201.6362637656116       16.611670074999992
2193.846109024085       16.628581899999993
2186.1856535679613       16.645280125
2179.072099031265       16.660961625
2172.160640375083       16.676253824999996
2165.3106402240005       16.69145019999999
2158.4904922007354       16.706617799999997
2151.678349743962       16.721799899999993
2144.8445910673804       16.737055575
2137.9535730066227       16.752456724999995
2130.962072107603       16.76809135
2123.922618898348       16.78385145
2116.7671641244538       16.799882075
2109.3002785155854       16.816587325
2101.4696394177863       16.834072624999997
2093.1534604815274       16.852595774999998
2084.1920261060905       16.872498225
2074.4206165411624       16.894141349999998
2063.883314504121       16.917461649999993
2053.2536805853074       16.941093025
2043.7156941960136       16.962599575
2035.9823088979667       16.9804752
2029.8695089515393       16.995043049999992
2024.8881088763546       17.007249625
2020.447220545357       17.01830535
2015.8776042065992       17.029610925
2013.2933544327761       17.035849674999994
2011.6989535266293       17.039611374999993
2009.6658839572299       17.044303174999996
2008.1456554551023       17.047725574999994
2006.0282282779572       17.052353474999997
2005.992661902905       17.052459
2005.82375332551       17.052839374999998
2005.6948990860162       17.053125774999998
2005.5086985519545       17.053536324999996
2005.4308430374579       17.053712174999994
2005.5512756217781       17.053452924999995
2005.7037200262785       17.05312385
2005.6064147322375       17.053333874999993
2005.6682517691095       17.053200274999995
2005.688064038561       17.05315795
2006.156919158026       17.052144
2006.166619810212       17.052123324999997
2006.1757199884769       17.052103999999993
2006.1844506551545       17.052085399999996
2006.1947519668167       17.05206355
2006.2071320884809       17.052037249999998
2006.2220992032524       17.052005474999994
2006.2402539089937       17.05196685
2006.262520210058       17.051919524999995
2006.2900531564046       17.05186105
2006.3244236733594       17.051787874999995
2006.368126820771       17.051694874999995
2006.4249515755387       17.051573849999997
2006.5011824326652       17.051411249999994
2006.60892698346       17.051181049999997
2006.7796113677823       17.050815749999998
2006.9416686941827       17.050468074999998
2007.05849486667       17.050216999999996
2007.132716291913       17.050057374999994
2007.2248267712694       17.049859174999995
2007.283801881743       17.04973185
2007.3663976802695       17.049554
2007.4256542863818       17.049425899999996
2007.4856984507007       17.049296224999992
2007.4811222733385       17.049306449999996
2007.510382253931       17.049243374999996
2007.5477783317908       17.049162574999997
2007.4967922572991       17.04927275
2007.661403816091       17.048917474999996
2007.5334022540455       17.049194099999994
2007.3853947324471       17.049514074999998
2007.4984101092173       17.049269949999996
2007.5849902008479       17.049083149999994
2007.5870703877974       17.04907865
2007.4782101659048       17.049313899999994
2007.4946197153452       17.049278525
2007.647442974747       17.048948449999997
2007.6241905306588       17.0489989
2007.4457612545634       17.049384425
2007.585175106266       17.049083449999998
2007.6243292124288       17.04899917499999
2007.4912915705322       17.049286749999993
2007.557439483675       17.04914395
2007.5257288913438       17.049212599999997
2007.5712147950003       17.049114499999995
2007.5542036860004       17.049151249999994
2007.4530645250493       17.049369874999996
2007.6028336522916       17.04904669999999
2007.5752364641191       17.0491063
2007.566545970841       17.049125174999993
2007.5185178061408       17.049228999999997
2007.6529903172993       17.048938774999996
2007.5108907249794       17.04924595
2007.6171177730512       17.049016674999997
2007.4123884199453       17.049459249999998
2007.5591498359818       17.0491422
2007.5707525346988       17.049117224999996
2007.4730330964496       17.049328499999994
2007.6494769985702       17.048947274999996
2007.6291368530738       17.048991449999995
2007.4960064439797       17.049278924999996
2007.5046966319014       17.049260399999994
2007.4729406489027       17.049328974999995
2007.7079098355975       17.048821949999997
2007.672174995128       17.048899049999996
2007.482277872699       17.049309249999993
2007.4941112484203       17.049283924999997
2007.6152224631533       17.0490226
2007.6052374454364       17.049044175
2007.537192721142       17.049191199999996
2007.5755600470422       17.049108274999995
2007.5624318674631       17.049136675
2007.4995194941425       17.049272649999992
2007.6558102223078       17.048935349999994
2007.5041419379327       17.049263149999994
2007.5134793068514       17.049242975
2007.5807373809018       17.049097774999993
2007.4405842687904       17.049400824999992
2007.4904595351895       17.049293
2007.5259137913058       17.04921639999999
2007.6394455828768       17.048971374999994
2007.5365917929557       17.049193524999993
2007.6148064197573       17.049024774999992
2007.6767516080067       17.048890999999998
2007.6982017306295       17.048844374999994
2007.709342940783       17.048820274999997
2007.719004870185       17.048799399999993
2007.7282507791767       17.0487794
2007.7218248679142       17.048793349999997
2007.7455407432515       17.048742149999995
2007.7416111928883       17.048750599999998
2007.693717526566       17.048853899999997
2007.711978007827       17.04881449999999
2007.67670537954       17.048890724999993
2007.703702984347       17.0488323
2007.6529440893817       17.048942075
2007.5415378995453       17.049183125
2007.7287593054077       17.048778974999998
2007.768655901077       17.048692974999994
2007.5965930489074       17.049064599999994
2007.3540566259153       17.049589024999996
2007.3741628769537       17.049545449999997
2007.3827600940347       17.049526874999998
2007.384655184474       17.049522824999997
2007.3858107283013       17.049520299999998
2007.3633470755049       17.049568624999992
2007.371389588976       17.049551099999995
2007.37952457791       17.049533524999994
2007.3765201747478       17.049540025
2007.4016186346655       17.04948625
2007.5000279624373       17.049273799999995
