49296.26322937919       -10.525989975000002
49325.08019262773       -10.543930400000008
49328.510282757044       -10.543365375000008
49328.13545997601       -10.543242450000008
49328.067310685474       -10.543256499999998
49328.067310685474       -10.543290925000008
49328.04459427625       -10.5433211
49328.02187787749       -10.543346874999997
49327.97644511124       -10.543371375000007
49327.93101238685       -10.543397124999998
49327.8855797043       -10.543425475000006
49327.82878891003       -10.543456925000001
49327.78335632163       -10.543491950000003
49327.78335632163       -10.543529700000008
49327.81743075898       -10.543570200000005
49327.89693787104       -10.543613400000012
49328.04459427625       -10.543658825000009
49328.24904233617       -10.543706
49328.54435769653       -10.543754300000003
49328.94190039659       -10.543803075
49329.441672907866       -10.543851599999996
49330.06639566743       -10.543899225000004
49330.793355747206       -10.54394520000001
49331.63391669394       -10.543988825
49332.56536582327       -10.544029350000002
49333.56498933145       -10.544065950000004
49334.5759927994       -10.544097700000009
49335.56429711399       -10.544123375000012
49336.45037988328       -10.544141600000003
49337.177434041616       -10.544150900000005
49337.688650411954       -10.544150075000005
49337.89313844322       -10.544138950000004
49337.75681299487       -10.544118949999998
49337.222875282285       -10.544093825000004
49336.279978114806       -10.544069399999998
49334.928144939986       -10.544052800000003
49333.19012814222       -10.544050825
49331.11140415079       -10.544068625000008
49328.737449465014       -10.544108600000001
49326.11373772466       -10.544170899999997
49323.24030879491       -10.5442544
49320.1058499582       -10.544358250000002
49316.664988653494       -10.544483
49312.82695137145       -10.54463100000001
49308.50100118191       -10.54480632500001
49303.58509331034       -10.545014475000002
49297.943188848665       -10.545262250000007
49291.4393396794       -10.545557700000003
49283.90366626475       -10.545910425000002
49275.12106734617       -10.546331899999998
49264.86533637333       -10.546835700000003
49252.84252994002       -10.547438125
49238.69113747557       -10.548158749999999
49222.00497758488       -10.54902095
49202.24282390664       -10.550052825000009
49178.76292379962       -10.551288049999997
49150.78970192966       -10.552767200000005
49117.3242675301       -10.554539075000008
49077.1687009601       -10.556662599999996
49028.80408214381       -10.559209050000007
48970.3039933574       -10.562265225000004
48899.238952860804       -10.565936950000008
48812.47176399799       -10.570353850000004
48705.92548489352       -10.575674800000002
48574.182478926865       -10.582094425000008
48409.93505414474       -10.589850425000009
48203.09232564949       -10.599232624999999
47956.07160646794       -10.609890250000007
47699.17855934971       -10.62037475000001
47431.77749029394       -10.630674475000006
47154.10432469807       -10.640744325
46873.69609991147       -10.650570550000012
46609.45233867711       -10.660242925000006
46332.21894982473       -10.670034900000005
46046.97446749441       -10.679656900000012
45753.065760103724       -10.68908175
45449.938510633845       -10.698287274999998
45136.96979601577       -10.707259375000007
44813.6275110227       -10.715986099999995
44479.5208277809       -10.724458400000003
44134.376951806444       -10.73267245000001
43776.62740086615       -10.740659550000004
43421.76773949132       -10.748352550000007
43114.206749057565       -10.755899374999998
42780.671783381484       -10.763864275000003
42441.85917387181       -10.77167575
42094.82418822002       -10.779331675000009
41739.169164172075       -10.78679975
41372.90347875097       -10.79408500000001
40997.32304322908       -10.801099975
40609.98228117313       -10.80784472500001
40230.191512578676       -10.814292100000003
39912.74523668157       -10.820607699999996
39555.63857203663       -10.827464750000004
39190.49960956273       -10.834133300000005
38818.41511824401       -10.840603025000007
38435.434943395514       -10.846862025000007
38038.71171989516       -10.852869550000008
37626.81862877393       -10.858579774999995
37221.0653970999       -10.863948750000006
36901.18391322086       -10.869112874999999
36526.587491355596       -10.874927600000007
36145.55520426186       -10.880540574999998
35757.61960682458       -10.885965925000008
35364.59590799853       -10.89118225
34958.758418143305       -10.896189725
34538.89188991762       -10.900921400000001
34208.001297393384       -10.905306425000006
33859.52022122456       -10.910188175000002
33484.54484863532       -10.915193299999999
33096.26612224248       -10.920026800000002
32696.412212056817       -10.92461985
32290.420453384253       -10.928936725
31869.422956888644       -10.932981600000005
31548.50616201351       -10.936670825000007
31202.522138642555       -10.9408612
30827.989330100903       -10.945138050000011
30444.153289986647       -10.949219249999999
30049.572645594933       -10.953069049999996
29648.395816675347       -10.956651975
29256.320162655702       -10.959973024999996
28974.062993534484       -10.963143125000002
28619.530174935113       -10.966950449999999
28245.209478689554       -10.970733675000005
27862.69365563734       -10.974293150000008
27468.49088508681       -10.977606125000008
27057.745028240093       -10.980633775000001
26758.687025882857       -10.983284574999999
26448.85648032984       -10.986343224999999
26110.037766343958       -10.989568250000005
25762.238707809356       -10.992643150000006
25410.475969681196       -10.995489599999999
25052.24210074763       -10.998081900000003
24714.45284344542       -11.000461549999997
24464.45244644738       -11.002824525000008
24153.701787392052       -11.005636875000008
23853.0379973919       -11.008266724999999
23551.626210818322       -11.010773549999996
23260.604658120697       -11.013117550000004
22963.22599555761       -11.015331900000007
22691.13919888677       -11.017355350000003
22507.699071879506       -11.019308800000005
22292.855449590035       -11.02167145
22094.302714961083       -11.023962400000002
21917.857549540615       -11.02619845000001
21771.59766302244       -11.028393350000002
21665.983097494678       -11.030567500000004
21612.494710918327       -11.032725100000008
21615.998423303365       -11.034731800000003
21666.202604793332       -11.036555825000008
21751.259013816325       -11.038217175
21862.030708569393       -11.039730675000001
21992.43920000871       -11.041121825000005
22134.3055086803       -11.042493175000004
22434.391787868415       -11.044085075000012
22709.464841481084       -11.045768925000004
22957.532087591593       -11.04749575000001
23178.32243145395       -11.049268925000007
23381.453207562463       -11.051300850000004
23584.425412961642       -11.054079725000008
24047.431704620623       -11.058805175000003
24428.31435135746       -11.063513525000005
24644.907928349698       -11.065061975000006
24777.466635304114       -11.066338200000004
24867.172098921757       -11.06699965
25068.243236717637       -11.067040325000008
25186.214631287985       -11.06706960000001
25257.380099131136       -11.067147399999996
25305.685132366565       -11.06730932500001
25344.393332609194       -11.067545800000005
25376.38765141044       -11.067749000000006
25400.039967966353       -11.067911025
25414.22672357342       -11.068039150000004
25413.14415586841       -11.067736449999998
25390.549503639937       -11.067188075000004
25340.775418281297       -11.066680675
25254.356102293976       -11.06635187500001
25125.551315109158       -11.066297875000004
24958.70224607887       -11.066508800000008
24766.110140604855       -11.066897775000001
24554.556817220666       -11.067417399999997
24328.817466426357       -11.068133575000004
24090.593528644775       -11.068828275000001
23833.904783225273       -11.06950375000001
23557.53255729143       -11.070073500000007
23385.022925220408       -11.070355724999999
23169.016561648354       -11.070971450000002
22935.53103667192       -11.071634349999997
22692.445443454704       -11.072327700000002
22441.418253055035       -11.073029075000008
22186.796500645196       -11.073630250000008
21923.838791763003       -11.074122375000002
21640.186534964778       -11.074768825000007
21343.576743983747       -11.075283975000005
21117.261600817754       -11.075975800000009
20926.818131160126       -11.076487475000008
20689.900399908965       -11.07697862500001
20444.104867920232       -11.077386924999999
20189.762025843535       -11.077746775000008
19925.01697211354       -11.078065675000005
19648.323501566978       -11.078309325000006
19339.444705253045       -11.078661075
19137.21341162992       -11.079421875000008
18948.494063127073       -11.07983585000001
18716.032902332798       -11.080469975
18486.453384382632       -11.080785724999998
18246.719674154287       -11.080845975000003
17989.583145776567       -11.080782925000008
17714.287951625796       -11.080578975000009
17476.352665207283       -11.080538599999997
17293.69120597751       -11.081442725000002
17090.705867668155       -11.081803975
16865.84481480107       -11.082116450000001
16622.111836727967       -11.082734200000004
16395.561704800926       -11.082729174999997
16142.76780542919       -11.082363174999998
15940.182890921003       -11.082136474999999
15776.548613118932       -11.082423875000003
15562.963539514943       -11.083016725000007
15363.720578201832       -11.083031950000006
15120.89856351841       -11.083575699999997
14888.080213284713       -11.083855850000006
14660.64575424114       -11.083426325000005
14528.67470225052       -11.0834938
14386.442027813064       -11.083469225000002
14189.255208007404       -11.083840625000008
13990.743677059687       -11.083961275000007
13782.074715945233       -11.083929725000004
13503.958667236786       -11.084511875000004
13339.83322341285       -11.084428224999996
13219.636088163064       -11.084471899999997
13076.29772001254       -11.084191775000008
12862.568481485463       -11.084427175000002
12675.009689355216       -11.084271175000012
12428.05023404224       -11.084510000000009
12229.288766989379       -11.084842100000003
12136.207689053303       -11.085236375000008
12035.155335363903       -11.085096875000005
11911.276330835317       -11.084738049999999
11707.112722503567       -11.08486627500001
11524.465708886872       -11.084450375000003
11255.984852898984       -11.084570350000007
11146.992270967648       -11.085680875000008
11046.586560089636       -11.085670024999999
10927.051753027834       -11.085352575000002
10737.878856622667       -11.08521900000001
10546.833743446885       -11.084668774999997
10322.69272704034       -11.084687825000003
10210.699614466032       -11.086106549999997
10117.46242148729       -11.086162600000009
10008.96106865233       -11.085842374999999
9830.936705641458       -11.08550910000001
9643.42484049749       -11.084558025000007
9462.78123534129       -11.085078375000009
9355.008792135075       -11.086485074999999
9271.203205224558       -11.086621025
9176.11399133411       -11.086304800000008
9020.773949025617       -11.085770075
8852.478894195421       -11.084567300000003
8710.482248082244       -11.085134699999998
8606.389557697225       -11.086582875000005
8526.439208740325       -11.086935050000008
8442.457829691233       -11.086820225000011
8337.53941463057       -11.086210100000002
8158.892293601877       -11.084887525
8027.139306882644       -11.084758675000003
7906.271065620251       -11.086421475000009
7823.584903542759       -11.086899325000005
7737.39377973178       -11.086974275000003
7644.370009604775       -11.086468850000003
7503.0924900814125       -11.085415100000006
7366.649382611011       -11.084297849999999
7230.85412199545       -11.0839043
7090.481039127939       -11.084412375
6957.078440169737       -11.084337000000005
6826.239161747485       -11.083863074999996
6695.936092468053       -11.082989675000007
6561.479858030972       -11.081683075
6426.903810402229       -11.080091775
6298.205110756662       -11.078413650000002
6173.13393910241       -11.076702499999996
6052.4108340078865       -11.074981300000005
5937.178416704513       -11.073256424999997
5829.10126383546       -11.07151755000001
5727.5409113236       -11.069738425000011
5632.8592562243975       -11.067901175000003
5544.197593479977       -11.065971375000004
5459.989405429744       -11.063936675000008
5378.748029658425       -11.061838875000007
5303.282962537821       -11.059774175000001
5233.211655616273       -11.057665624999998
5168.221280924331       -11.055463674999999
5107.741385428256       -11.053131399999998
5051.266708436174       -11.050643800000003
4998.068454369679       -11.047980175000006
4947.004438300143       -11.045095500000002
4897.813004410286       -11.04203385000001
4851.094110994099       -11.038971125000003
4806.482882695644       -11.035806825000009
4763.98735424164       -11.032492750000003
4723.324681278837       -11.028980675
4684.483353438371       -11.025295049999997
4647.402636167336       -11.02146697500001
4611.209989826404       -11.017356925000001
4575.850215993825       -11.012979174999998
4541.26975393915       -11.00849405000001
4508.035215776554       -11.0052175
4476.684623599974       -11.001660850000007
4446.600372171646       -10.997705100000005
4417.865603460085       -10.993417825000009
4390.494121436192       -10.988997850000004
4364.0267097861715       -10.985304174999996
4339.509065776165       -10.984248475000001
4316.6595728806005       -10.983383150000009
4294.96965715111       -10.982291825000004
4274.191733199606       -10.980857749999998
4254.144133214298       -10.97904422500001
4234.708298733373       -10.976868600000003
4215.806799821185       -10.974384100000009
4197.400404152067       -10.971634550000005
4179.194656766632       -10.969991774999997
4161.555587056433       -10.96891512500001
4144.625550715907       -10.967227750000006
4128.153142663705       -10.96544455
4112.16753439372       -10.96359840000001
4096.664514387319       -10.961629850000008
4081.6127697190855       -10.959471100000002
4066.9590543267677       -10.957064825000003
4052.452191553357       -10.954428250000007
4038.0351961207903       -10.951852925000011
4023.6129754254266       -10.950172100000003
4008.891478772121       -10.951136900000009
3994.7665070072608       -10.951308350000005
3980.9525394857937       -10.951308350000005
3967.541699905838       -10.951143450000004
3954.637679775489       -10.950689425000007
3942.341121056739       -10.949826299999998
3930.1524778967305       -10.951199924999997
3918.5446525583584       -10.953091275000006
3907.7718492074946       -10.954484775000012
3897.5832479799737       -10.955658575000001
3887.778377167607       -10.956897600000005
3878.2133767778464       -10.958105950000004
3868.732483419504       -10.959361825000002
3858.5363859781596       -10.963929149999998
3849.1470244708585       -10.966865575
3839.8627371326675       -10.968900250000004
3830.338890355088       -10.970827325000002
3820.5984926067904       -10.973052775
3810.1089982833632       -10.9793636
3800.557434231836       -10.984677075000008
3791.4401081323576       -10.988939924999997
3782.5501959980375       -10.992501525000009
3772.9460917486276       -10.999659250000008
3763.9400707756336       -11.00643495
3755.264225794996       -11.012701300000003
3746.774018397787       -11.019631100000012
3738.544031424736       -11.02748720000001
3730.6353404473625       -11.0348836
3723.071699411484       -11.042282450000002
3715.701347891485       -11.051031850000001
3709.109886708462       -11.058427350000002
3702.82937174003       -11.065462100000005
3696.6463111389353       -11.073759475000003
3691.151748272851       -11.080851800000005
3685.9216552943644       -11.08780370000001
3682.36047189803       -11.092990700000001
3679.978658048732       -11.096361450000003
3678.2953658541865       -11.098710600000004
3677.06494054707       -11.100413950000004
3675.8865571201986       -11.102190475
3674.7517043600214       -11.103850925000003
3673.641732610701       -11.105461950000006
3672.568458478214       -11.107014375000006
3671.512405809059       -11.108593374999998
3670.4710244535117       -11.110227200000011
3669.4375427386367       -11.111910949999995
3668.4558779398362       -11.113514975000001
3667.518388318102       -11.11505025000001
3666.6157531610424       -11.116555875000003
3665.7344417599516       -11.11811920000001
3664.9115692473442       -11.119581675000006
3664.1234728072413       -11.120998450000002
3663.327110705967       -11.122510450000007
3662.555378306413       -11.124043975000006
3661.836084583131       -11.125506799999997
3661.139693283412       -11.127007024999997
3660.471248518092       -11.128541499999997
3659.856859042717       -11.129997875
3659.281331194455       -11.131413975000001
3658.737064565252       -11.132802475000005
3658.2206758849493       -11.13416847500001
3657.7287844775706       -11.135519549999998
3657.24285398512       -11.136929050000006
3656.768776059482       -11.138407900000004
3656.3090717958953       -11.139944525000004
3655.8384820638944       -11.141670775000009
3655.444546543565       -11.143263900000008
3655.0834762732857       -11.144836550000008
3654.7493707574245       -11.146386525000011
3654.4371738127943       -11.147916300000006
3654.1376244591715       -11.149442975
3653.8456716128817       -11.150983775
3653.5596309302214       -11.152549675000003
3653.279501026303       -11.154148274999997
3653.0128507727295       -11.15577982500001
3652.765564778682       -11.1574375
3652.5477314625764       -11.159113224999999
3652.3551406253664       -11.160852700000007
3652.1970387075767       -11.162668775
3652.1205131097504       -11.16441845
3652.108740083175       -11.166132250000004
3652.158355237935       -11.1678024
3652.2676791441754       -11.169430075000008
3652.432512143085       -11.171015950000012
3652.6511796415734       -11.172555400000007
3652.9220090745607       -11.174043949999998
3653.242488471352       -11.175478650000002
3653.6092657958297       -11.176858550000006
3654.0173067716773       -11.178183650000008
3654.463259328831       -11.179454675000002
3654.9437710072207       -11.180673275000004
3655.457172023552       -11.181837525000006
3655.997583442536       -11.18294490000001
3656.562491356971       -11.183996275000013
3657.1476966475766       -11.184994150000009
3657.744786752944       -11.185939525000009
3658.3495556303724       -11.186832625000008
3658.9552670053367       -11.18767530000001
3659.559393377904       -11.18847012500001
3660.154348886895       -11.189209900000009
3660.442591572062       -11.189565424999998
3660.7342286160515       -11.189901575000007
3661.0233599493063       -11.190228000000005
3661.3091419267794       -11.190544400000007
3661.5932599861876       -11.190851275
3661.929677529096       -11.191205600000004
3662.167464961302       -11.191456325000004
3662.4052678342364       -11.191698000000002
3662.6405560855655       -11.191934000000003
3662.872485821008       -11.192164425000001
3663.101899860937       -11.192389524999996
3663.373504172911       -11.192651749999996
3663.6932133103614       -11.192957100000001
3664.066101954993       -11.193310400000001
3664.290528345872       -11.193524949999997
3664.5141246973526       -11.193731275000005
3664.7335155099577       -11.193934150000004
3664.948700026721       -11.194133399999998
3665.1605214394667       -11.194328775000002
3665.4111785263917       -11.19455627500001
3665.7040554901637       -11.194819625000008
3666.0459155482395       -11.195122250000011
3666.4148225310996       -11.195446250000003
3666.7702577306027       -11.195758325
3667.112217221685       -11.196060924999998
3667.276031336215       -11.196209275000001
3667.4390083093754       -11.196352075000007
3667.5977700449716       -11.196494450000003
3667.7523159949515       -11.196635650000005
3667.844371048856       -11.196720850000005
3667.9347392664467       -11.19680375
3668.0242651166272       -11.196886550000002
3668.112948537609       -11.196968850000005
3668.19994483384       -11.197050625000003
3668.3029916598407       -11.197147799999996
3668.4246244252386       -11.197263700000008
3668.5099387018117       -11.19734745000001
3668.5944102373032       -11.19742955000001
3668.678038973417       -11.19751135
3668.759980089121       -11.197592700000001
3668.84107825303       -11.197673649999999
3668.898523870431       -11.197732174999999
3668.9559703872974       -11.197789749999998
3669.0117281609128       -11.1978474
3669.067486781892       -11.197904925000003
3669.122401403491       -11.197962325000006
3669.162109411118       -11.19800395
3669.200972983631       -11.198044925000005
3669.239836967785       -11.198085975000012
3669.2778564810387       -11.198127
3669.315876388235       -11.198167999999995
3669.360655895278       -11.198216950000003
3669.4138850767818       -11.198275675000005
3669.4519063934636       -11.198318450000002
3669.4899281041144       -11.198360475000001
3669.5271052687935       -11.198402575000003
3669.5642828101304       -11.198444649999999
3669.586251534332       -11.198470275000005
3669.608220390055       -11.19849520000001
3669.6301893772957       -11.198520174999999
3669.652158496063       -11.198545225000004
3669.673282772754       -11.198570275000009
3669.6884923272696       -11.198588549999997
3669.704546925423       -11.198606525000002
3669.719756609514       -11.198624500000008
3669.7349663566474       -11.198642500000005
3669.7501761668204       -11.198660500000003
3669.7687660204165       -11.198682024999997
3669.7814409745865       -11.198697824999996
3669.794115972538       -11.198713374999997
3669.8076360186046       -11.198728875
3669.820311107027       -11.198744425000001
3669.8279161810938       -11.198753950000011
3669.835521270925       -11.198763249999999
3669.8431263765124       -11.19877252500001
3669.85073149786       -11.198781800000006
3669.8583366349717       -11.198791075000003
3669.8676318239527       -11.198802175000012
3669.878617077648       -11.19881550000001
3669.892137435025       -11.198831525000003
3669.9073478966184       -11.198850750000005
3669.9267835781748       -11.198873825000007
3669.9487544725707       -11.198901425000003
3669.975795753936       -11.198934425000004
3669.9943867504535       -11.198958625000003
3670.0129778411474       -11.198982275000006
3670.032414082116       -11.199005800000009
3670.0510053654443       -11.19902925000001
3670.069596742951       -11.199052675000004
3670.092413562245       -11.199080600000002
3670.118610825994       -11.199114100000003
3670.1380476263903       -11.199138650000009
3670.156639444827       -11.19916267500001
3670.1752313574443       -11.199186624999996
3670.1938233642427       -11.199210550000004
3670.2056546903323       -11.19922517500001
3670.216640955853       -11.199239425000002
3670.2276272542604       -11.199253650000003
3670.238613585553       -11.199267925000001
3670.2495999497287       -11.199282199999999
3670.263121673863       -11.19929925000001
3670.2791787859746       -11.199319775000006
3670.2977713193395       -11.199344425000007
3670.3197444347456       -11.199374000000006
3670.3467884496763       -11.199409500000002
3670.3653813255314       -11.199435375000007
3670.3839742955724       -11.199460850000008
3670.4025673598       -11.199486375000006
3670.421160518214       -11.19951192500001
3670.439753770816       -11.199537524999997
3670.4532761955043       -11.199556150000006
3670.4659535138962       -11.199574525000003
3670.4794760351083       -11.199592925000005
3670.492153443988       -11.199611350000012
3670.5048308966575       -11.199629800000011
3670.514127723109       -11.199643250000008
3670.5234245731085       -11.199656500000003
3670.5327214466547       -11.199669750000012
3670.542018343749       -11.199683024999999
3670.550470088815       -11.199696325000005
3670.561457386491       -11.199712224999999
3670.574980259553       -11.199731350000008
3670.5834320805166       -11.19974535
3670.592729106053       -11.199759150000006
3670.6020261551375       -11.199772949999996
3670.61132322777       -11.199786750000001
3670.6206203239503       -11.199800550000006
3670.631607831615       -11.199817100000004
3670.64428576594       -11.199836974999997
3670.6535829456093       -11.199851525
3670.662880148831       -11.199865900000006
3670.672177375597       -11.199880250000007
3670.6814746259115       -11.199894624999999
3670.690771899775       -11.199909000000005
3670.7009144072085       -11.199926224999999
3670.71443779405       -11.199946949999998
3670.7296516638007       -11.199971875000003
3670.740639497832       -11.199990075000002
3670.751627364758       -11.200008025000002
3670.762615264575       -11.200025975000003
3670.7736031972822       -11.200043975
3670.78459116288       -11.200061974999997
3670.797269625592       -11.20008352500001
3670.8124838386525       -11.20010945
3670.823471920635       -11.200128450000008
3670.8336147947325       -11.200147150000006
3670.8446029399674       -11.200165850000005
3670.855591118094       -11.200184550000003
3670.8665793291084       -11.200203275000007
3670.8792580750014       -11.200225674999999
3670.893627373282       -11.200252649999996
3670.9046156981567       -11.200272300000009
3670.9156040559233       -11.200291750000005
3670.9257471845917       -11.20031117500001
3670.9367356056127       -11.200330649999998
3670.9468787926703       -11.200350125
3670.9595578159083       -11.20037345
3670.9747727015983       -11.20040155000001
3670.9916782041       -11.200435325
3671.01196490987       -11.200478000000004
3671.0364781622484       -11.200527650000012
3671.064372752003       -11.200587800000008
3671.0846598594953       -11.200631600000008
3671.1041017760485       -11.200674524999997
3671.1235437955615       -11.200717374999996
3671.1429859180425       -11.200760175
3671.161582827195       -11.200802875000008
3671.184406435366       -11.200853850000001
3671.2106114938024       -11.20091487500001
3671.241888743899       -11.20098812500001
3671.277392972327       -11.201076525000005
3671.30190799711       -11.201140800000005
3671.325577831538       -11.201205049999999
3671.3492478185753       -11.201269875000008
3671.371227228893       -11.201335175000011
3671.3932067707997       -11.201400925000002
3671.4177225689314       -11.201481700000002
3671.4456200555906       -11.201578425000008
3671.4768993078624       -11.201695174999998
3671.512405809059       -11.201836225000008
3671.5284683866907       -11.201959800000012
3671.5470672485817       -11.20207035
3671.5673570235535       -11.20217495
3671.5884923250455       -11.202274250000002
3671.6011735643424       -11.202332374999997
3671.6138548474346       -11.202388875000011
3671.6265361743303       -11.202445025000003
3671.6383721189477       -11.20250145
3671.645135533003       -11.202535775000001
3671.6518989595174       -11.202570125000008
3671.657816967935       -11.202605025000011
3671.663734985895       -11.202640500000001
3671.668807580308       -11.202676574999998
3671.6730347476732       -11.202702950000003
3671.6764164850674       -11.202729500000004
3671.67979822558       -11.202756350000001
3671.6823345330063       -11.202783525000001
3671.685716278966       -11.202810975000006
3671.6890980280436       -11.202844225000007
3671.6924797802326       -11.20288462500001
3671.69586153554       -11.202933650000006
3671.7000887340523       -11.2029931
3671.7043159374316       -11.203065074999998
3671.706852261794       -11.203117675000001
3671.709388587909       -11.20317
3671.71107947296       -11.203222425000007
3671.712770358786       -11.203274925000002
3671.7144612453944       -11.203327525000006
3671.7161521327816       -11.203390625000011
3671.7178430209437       -11.203466500000005
3671.7178430209437       -11.203557775000007
3671.7178430209437       -11.203668149999999
3671.715306688989       -11.203801350000006
3671.7102340303354       -11.203962575000006
3671.7000887340523       -11.204158475
3671.684870842185       -11.204376750000009
3671.6645804178097       -11.204596100000003
3671.6409083977583       -11.204816175000005
3671.6130094272003       -11.20503677500001
3671.5808836024935       -11.205257875000001
3671.545376439061       -11.205479650000001
3671.506488035013       -11.205704975000003
3671.4608369558405       -11.2059419
3671.4143410697993       -11.206172375000008
3671.365309682403       -11.206402699999998
3671.313742895248       -11.206634125000008
3671.2579501380396       -11.206866925
3671.1996222529774       -11.20710115
3671.137914050079       -11.207336725000005
3671.073670995688       -11.207573675000006
3671.0060479424387       -11.207812000000004
3670.9367356056127       -11.20805145
3670.8640435851853       -11.208292200000002
3670.7888173122496       -11.208534375
3670.711056942671       -11.208777925000007
3670.6307626375515       -11.20902285000001
3670.547934563249       -11.209269075000009
3670.4625728913757       -11.209516550000004
3670.3755229338763       -11.2097653
3670.2859396963013       -11.210015225000006
3670.194668457697       -11.210266325000006
3670.100864272053       -11.210518649999997
3670.005372383572       -11.210772250000005
3669.9081929241097       -11.211027075000004
3669.808481023136       -11.211283074999997
3669.7070818683937       -11.211540249999999
3669.6039955998936       -11.211798525000006
3669.499222359973       -11.212057900000005
3669.3927622932993       -11.212318400000001
3669.283770662949       -11.212579875000003
3669.1739374113495       -11.2128424
3669.0624177813343       -11.213105900000002
3668.9492119268625       -11.213369900000004
3668.834320004234       -11.213636574999995
3668.719431679408       -11.213899675000008
3668.599478591288       -11.214172524999995
3668.483752920742       -11.21443275
3668.357894839306       -11.214713750000001
3668.2413321456233       -11.21497247500001
3668.112103923488       -11.215258000000006
3667.9930152791676       -11.215516074999996
3667.861262135296       -11.215804200000008
3667.7354254102297       -11.216073300000005
3667.608748504138       -11.216344774999996
3667.4786980989747       -11.216620050000003
3667.3494967436186       -11.216892475000009
3667.217766714728       -11.217169550000008
3667.083508285114       -11.217447875000005
3666.9492547707628       -11.217725850000008
3666.812473226291       -11.218007375
3666.679918202763       -11.21827965
3666.5347041869936       -11.218574900000007
3666.3607926436734       -11.218926300000007
3666.1429927342915       -11.219365775
3665.8745594847633       -11.219900800000005
3665.5386235511546       -11.22056275
3665.2888017128107       -11.221052525000005
3665.031401750997       -11.221552575000004
3664.7664252646964       -11.222064549999999
3664.493030119077       -11.222588975000008
3664.2103744854444       -11.223126425000004
3663.8585619628943       -11.22378965
3663.597888141734       -11.224279525
3663.331328269593       -11.224778850000007
3663.057196733419       -11.225288875000004
3662.7754952359483       -11.225809775000002
3662.4879121644685       -11.226341700000006
3662.1312055962903       -11.226995250000002
3661.6902192655643       -11.227801400000004
3661.145594348142       -11.228794500000006
3660.4771485054157       -11.230010575000009
3659.671466837837       -11.231475700000004
3658.7235853046027       -11.23319500000001
3657.5864515299695       -11.235214775000003
3656.6778409604285       -11.236737474999998
3656.1676359570874       -11.237528550000007
3655.5463933250167       -11.238369450000008
3654.6239838742013       -11.239217825000011
3653.6774096757736       -11.239762249999998
3653.9054064642496       -11.236756624999998
3653.9971139815993       -11.235392099999999
3653.6681554940415       -11.234815225000006
3652.8269641605325       -11.235220400000003
3651.0955610660412       -11.237979475000003
3648.3164382218497       -11.243919000000005
3644.3837375158423       -11.253287650000004
3639.6942284321162       -11.265086725000003
3636.718618785948       -11.27310335
3634.1512643831056       -11.280293275000005
3632.0197379702226       -11.286543725000001
3630.4595309365163       -11.291406100000003
3629.3545808874555       -11.295201000000006
3628.4579965212665       -11.298615600000005
3628.3752846143975       -11.299767575000004
3628.1463746216596       -11.300863500000006
3628.0051928123307       -11.301521300000005
3627.7328694573553       -11.302101250000007
3627.544092871256       -11.301726725000009
3627.139843316195       -11.301984700000006
3626.718102031086       -11.301744600000006
3626.080989895946       -11.301331775000008
3625.589245936451       -11.300330450000004
3625.1234447526413       -11.300365475000007
3624.6777340671574       -11.300158925000005
3624.2938324685397       -11.299592125000004
3623.8457205194836       -11.29914445
3623.6521399453254       -11.298314900000008
3623.4852684397197       -11.298149925000004
3623.403504207237       -11.2978442
3623.4760907298623       -11.297308825000002
3623.711381178109       -11.296743925000001
3624.1536350650335       -11.296162550000005
3624.746172970385       -11.295574025000008
3625.4247895797293       -11.294961825000001
3626.142775686578       -11.294294750000006
3626.78991985469       -11.293860699999996
3627.351985192354       -11.293529950000007
3627.835614824921       -11.293242800000002
3628.2449545268255       -11.292985975000008
3628.607551119238       -11.292763425000004
3628.967677145605       -11.2925307
3629.347895375409       -11.29223072500001
3629.7264818906588       -11.29188225
3630.0934058398234       -11.291503200000008
3630.4494996199805       -11.29108967500001
3630.7872358521063       -11.290716250000003
