7095.290805107153       4.170131755
7114.303688707402       4.154092847499996
7113.813905008081       4.154554767500002
7114.18246819696       4.154216342499993
7114.254545008277       4.154148460000002
7114.284031187019       4.15412214749999
7114.3102412262715       4.154100002500002
7114.339727635847       4.154076140000001
7114.372490456498       4.154049137499996
7114.413444194477       4.1540179449999926
7114.460950825884       4.153981000000002
7114.519925016537       4.153935982500002
7114.564155980342       4.1538990775
7114.608387219129       4.153861162499993
7114.664086207284       4.1538126774999995
7114.731253214144       4.153754802499989
7114.818079796808       4.153678952500002
7114.936034587724       4.153574737499994
7115.0949489952145       4.15343509249999
7115.296464121088       4.153258877499994
7115.540583584747       4.1530490149999935
7115.824034812113       4.1528074
7116.14190684449       4.152530952500001
7116.499120195397       4.152211269999995
7116.900596966928       4.151836632499993
7117.352899969562       4.151393614999989
7117.867511528486       4.150867254999994
7118.455918740815       4.150240185000001
7119.1394500210445       4.14949150999999
7119.93780584932       4.148595962499996
7120.880538358847       4.14752301499999
7121.99722302096       4.146235820000001
7123.330586897115       4.14468982999999
7124.923406417784       4.142831825000002
7126.831649755185       4.140597540000002
7129.113023771289       4.137909022499997
7131.845067921415       4.134672109999997
7135.33881476559       4.130771600000003
7139.554283906865       4.126067047500001
7144.606263750178       4.120380005000001
7150.654588410741       4.113506104999999
7157.881429274213       4.105187029999996
7166.856354822323       4.095097899999999
7177.845399212335       4.082817364999997
7191.275052445626       4.067848685000001
7206.749057863844       4.050734689999999
7222.457583966224       4.033745122499994
7237.993687343584       4.017022419999989
7253.584922726723       4.0002404600000006
7269.425665988124       3.983401092500003
7285.3161005992615       3.9664677600000005
7301.226140001457       3.9494882549999915
7317.224839653653       3.932462642499999
7333.177546489414       3.915350352499999
7349.158263919815       3.89825487249999
7365.216204560105       3.8809536225000016
7381.312631085179       3.8636414074999976
7397.650340929954       3.8460678849999965
7414.328090000307       3.828126185000002
7431.188880091143       3.80990317749999
7448.132602761506       3.791426887499995
7464.9963549265       3.772846232500001
7481.55202039094       3.754415469999998
7497.847448452379       3.7361060100000003
7513.946525586307       3.717883897500002
7529.740340134164       3.699912194999996
7545.176440357995       3.68229610249999
7560.301234813404       3.6650510899999915
7575.161564688357       3.648160762499998
7589.813423715627       3.631626552499995
7604.1854526889865       3.6155543949999895
7618.182985182707       3.6000686274999936
7631.779252369825       3.5852021099999973
7644.898082216434       3.5710140449999983
7657.401164584776       3.557613779999997
7669.089392042892       3.5451631824999907
7679.679574701655       3.533942272499999
7690.172824600634       3.522870505
7701.212374645996       3.511252474999992
7712.656685758255       3.499235792500002
7724.110889404475       3.487219554999996
7735.477014773498       3.475302182500002
7746.87235201045       3.4633409549999925
7758.407739361669       3.4512205874999893
7770.0694391775805       3.43894768749999
7781.793463225444       3.426573077499995
7793.578246086541       3.4141042250000027
7805.425807389013       3.4015145474999997
7817.352579161675       3.388784492499994
7829.344447128004       3.3759111899999965
7841.383599366681       3.362898502500002
7853.462964052637       3.3497486824999925
7865.5573143343345       3.3364592949999974
7877.672103842965       3.3230299599999995
7889.783752639703       3.3094614024999913
7901.8940083911575       3.2957504799999953
7913.9918739739405       3.281893617499989
7926.068110406244       3.2678881499999903
7938.11707878258       3.2537297699999925
7950.123954143953       3.2394148549999926
7962.081156864504       3.2249412424999946
7973.970047576867       3.2103066174999952
7985.7737176125365       3.1955108299999893
7997.4659553680485       3.1805527549999937
8009.044376354738       3.1654272274999897
8020.46596088111       3.1501355074999964
8031.729990513313       3.1346667199999985
8042.798717496206       3.119015179999991
8053.660164638744       3.1031754074999895
8064.274457077451       3.0871508999999975
8074.608972147822       3.070945094999999
8084.616059960129       3.054575575000001
8094.262786675358       3.0380692349999947
8103.501185660554       3.0214919725000016
8112.25885195732       3.004964279999996
8120.483719751107       2.9886594849999994
8128.131103641681       2.9727230274999954
8135.182498229783       2.9572610549999894
8141.643839163409       2.9423060824999965
8147.556860130644       2.927828332499999
8152.957905012875       2.9137467274999977
8157.887275414664       2.899963624999998
8162.355388377411       2.8863990075000032
8166.397210094316       2.8730012449999975
8169.993292872093       2.8597237899999897
8173.156219772222       2.8465460675000003
8175.859130678026       2.833450097499991
8178.112866929914       2.8204341874999983
8179.892571222989       2.8074955875
8181.18851490093       2.7946321749999896
8181.996699985474       2.781847497499996
8182.2906052646895       2.7691448475000016
8182.087131254652       2.7565335974999954
8181.352406122141       2.7440103424999904
8180.0884565148535       2.7315802524999953
8178.28046277409       2.719246824999999
8175.930668314152       2.7070183375000028
8173.033894667749       2.6948910274999918
8169.5606259194765       2.682866272499993
8165.526639427374       2.6709477349999986
8160.9177343860565       2.6591389774999925
8155.736764621183       2.6474408849999946
8149.967933731616       2.635851657499998
8143.604993507571       2.624371365000002
8136.645595072614       2.613002174999991
8129.09314824551       2.6017474599999986
8120.945576072353       2.5906080274999965
8112.171060350746       2.579576542499993
8102.788443167591       2.568657257499993
8092.784949705949       2.557856204999993
8082.177795064763       2.5471710774999963
8070.943368508419       2.536602877500002
8059.076902868816       2.526151519999999
8046.584938707454       2.5158186099999966
8033.470440159356       2.5056071574999947
8019.743902195868       2.4955087299999974
8005.356924249108       2.4855257149999943
7990.333385082708       2.475652622499993
7974.675131339138       2.465896619999995
7958.378677368976       2.4562513949999953
7941.440749346325       2.446712320000003
7923.832746013026       2.437280334999997
7905.568389178362       2.427945594999997
7886.641505101197       2.4187183199999964
7867.066114908883       2.4095906900000017
7846.803913325761       2.400557217499994
7825.829828522802       2.391619144999993
7804.189386518096       2.3827747149999965
7781.857969162646       2.3740253550000006
7758.829350515495       2.3653695124999956
7735.1029803413685       2.356798579999989
7710.630644503308       2.348320437499993
7685.460591705874       2.3399246449999964
7659.56489426732       2.331618652499998
7632.918056136595       2.3233898749999895
7605.5162747193135       2.3152415699999978
7577.331716773952       2.3071762399999898
7548.422491545037       2.299182049999999
7518.740570131959       2.2912680224999917
7488.247669350319       2.283427277499996
7456.966636475528       2.2756576350000017
7424.947718676636       2.267970509999998
7392.150495031755       2.260358572499996
7358.601760187957       2.2528283924999926
7324.260797844834       2.2453775024999914
7289.148532030099       2.2380085874999907
7253.30934501924       2.230709175000001
7216.714092212488       2.2234982499999916
7179.395855504747       2.2163827749999996
7141.443424450311       2.2093628249999995
7102.942516850591       2.2024453499999908
7063.8602718077545       2.1956354999999945
7024.258731617076       2.1889326249999925
6984.158712566307       2.182346774999999
6943.641657703581       2.1758762500000017
6902.943202138125       2.1695416000000023
6862.195710210229       2.1633591749999965
6821.360468048708       2.1573204500000003
6780.663618113997       2.1514428249999895
6740.412883081456       2.145747149999991
6701.1046455071       2.14024895
6663.45547310253       2.1349820499999907
6627.911487550442       2.1299933499999923
6594.664409698689       2.125251249999991
6562.4634863588935       2.1207320749999923
6531.595783438309       2.1163192499999894
6501.355285871452       2.1120601249999993
6472.296434947042       2.10787504999999
6444.179069513733       2.10380997499999
6416.779265482882       2.0998220249999946
6390.95853759336       2.0959162249999963
6365.718065156513       2.092073049999996
6341.63730570145       2.0882885999999985
6317.934221763703       2.084555899999998
6295.370577843933       2.0808658249999894
6272.003615128098       2.0772096500000004
6250.50633962843       2.0736292999999932
6228.94362050352       2.07003392499999
6206.560598026826       2.0664907749999912
6185.2648408922605       2.063036199999999
6165.11667437038       2.0595812999999907
6143.8853103382835       2.0561321249999907
6121.971451120423       2.0527758749999947
6102.792446102695       2.0495109000000014
6082.992766101747       2.0461754749999983
6062.36387468341       2.0429056999999915
6041.024540905733       2.0397301249999913
6023.008831856184       2.0366405999999984
6003.875805919546       2.033462499999999
5984.001586525716       2.0303790499999934
5963.404929718058       2.0274011749999943
5945.585105334368       2.0245071249999995
5927.471847834388       2.021557999999999
5908.4681666366005       2.0186864749999955
5888.797224058786       2.015935099999993
5870.3608760885845       2.0132624749999906
5853.6304339921435       2.0105786749999908
5835.661600537745       2.0079314249999953
5817.10897842409       2.005428324999997
5797.897055815816       2.003064049999992
5782.046766224535       2.0006587999999965
5765.439245083048       1.9982469249999895
5748.17789175326       1.9959849999999904
5730.338801165606       1.9938774999999964
5712.1775759040565       1.9919067499999983
5697.722582874247       1.989670425
5681.825610461657       1.9875509499999993
5665.532040860806       1.985608549999995
5648.724580498936       1.983823000000001
5631.797102096892       1.9821411499999897
5618.295789406137       1.9798806499999984
5603.56352896706       1.97782497499999
5588.505722822647       1.9759452249999896
5573.026395396261       1.974206824999996
5557.140793035095       1.9726185749999985
5544.806564489102       1.9699097749999908
5531.381336449757       1.967444999999998
5517.723072465794       1.9651178499999986
5503.746217565594       1.9628658249999944
5489.472325745224       1.9607027999999929
5478.172456357483       1.9570436999999998
5466.133068170195       1.953514999999996
5453.911670592274       1.950051149999993
5441.464497627004       1.946582399999997
5429.15324047005       1.9428916499999929
5418.9831424872655       1.9376345499999985
5408.240548804753       1.9324040999999994
5397.389999017918       1.9271348500000016
5386.402462422945       1.9217541249999925
5376.305019191493       1.9154534999999981
5367.06061265851       1.9081135249999903
5357.540959537139       1.9006356749999895
5347.9482978683045       1.8930020499999927
5338.27939301179       1.8851775499999945
5330.144709970123       1.8756859749999961
5321.727099808221       1.865793624999995
5313.270175559948       1.8557052749999912
5304.760730886358       1.8453605249999896
5296.952762815919       1.834019699999999
5289.513136030222       1.821730224999996
5281.952605477081       1.8090857250000028
5274.362803957674       1.7961619000000013
5267.049501232614       1.7826024249999932
5260.3143761593365       1.767922900000002
5253.445122789471       1.7527389250000027
5246.564302564456       1.73726585
5239.793840269394       1.721329124999997
5233.594856947195       1.7042889499999916
5227.355061444624       1.686678575000002
5221.283803736419       1.6688347249999964
5215.064690247574       1.650541050000001
5209.266787870691       1.631269175
5203.717362184232       1.6118525499999947
5198.173848294327       1.5921938749999924
5192.472438617598       1.5721422499999989
5187.083032014901       1.5512335749999977
5182.088194311088       1.5302577499999899
5176.937239253581       1.5089920249999977
5171.5782466305745       1.4873131499999914
5166.449634554916       1.4648274249999957
5161.83003132506       1.4423131499999897
5156.942630111875       1.4195591999999948
5151.832090816357       1.3963564749999904
5146.856976261076       1.372438074999991
5142.489338728752       1.348519374999995
5137.7988831630055       1.3243367500000005
5132.812501041085       1.2996114249999948
5127.871103212311       1.2742518999999959
5123.5679464676       1.2488789749999967
5119.040906122494       1.2233729999999952
5114.141028023072       1.197229699999994
5109.176430100982       1.1705694999999992
5104.515183822956       1.1435693250000014
5100.297391911323       1.1167054499999978
5095.49641062927       1.0893514999999923
5090.463174334294       1.0613106249999902
5085.444277502152       1.0328305749999913
5081.081956251636       1.0045030499999967
5076.564401121824       0.97609027499999
5071.55920766135       0.9469138749999928
5066.385125880302       0.917141149999992
5061.179030493484       0.8868777999999935
5056.128466476347       0.8564763749999997
5051.7784971039855       0.8266137749999984
5046.825630796894       0.7963260499999905
5041.50613479481       0.7650121249999984
5036.087880421646       0.7332927749999953
5030.623323462943       0.7011094749999955
5025.119569796593       0.6686117999999937
5020.135043670346       0.6366193749999951
5015.249000036849       0.6048023000000029
5009.8462758026535       0.572165549999994
5004.1831935440205       0.5387628249999921
4998.420626200645       0.5049320499999936
4992.603766126596       0.47083700000000306
4986.744300785304       0.436426449999999
4980.836661737966       0.40172952499999326
4974.855835436275       0.36668977499999755
4968.819264106973       0.33138035000000343
4962.783161308865       0.295905949999991
4957.228067750798       0.2612442749999957
4951.582279104694       0.22658292500000243
4945.552311886905       0.19098027500000114
4939.297670104146       0.15471442499999455
4932.930537081174       0.11801584999999193
4926.493339834711       0.08104784999999026
4920.01696175658       0.04395282499999098
4913.4846089313605       0.006629399999994234
4906.882968795679       -0.03097937500000114
4900.223627240171       -0.06881909999999891
4893.507970159284       -0.10689592500000344
4886.771135698563       -0.14503485000000182
4879.989639821273       -0.1833627750000062
4873.156961784286       -0.2219013500000102
4866.282307059377       -0.2606013250000103
4859.360285843066       -0.29949570000000847
4852.407887562315       -0.33848197500000765
4845.448700621515       -0.3774512250000015
4838.457158520275       -0.41653415000000393
4831.444555004263       -0.4556724750000001
4824.425452180372       -0.49478779999999745
4817.422092939214       -0.5337595000000022
4810.484282526603       -0.5723490000000027
4803.600706195408       -0.610617474999998
4796.8308028583315       -0.6482636750000097
4790.199488024529       -0.6851733750000051
4783.770099840002       -0.7210364499999997
4777.622155229797       -0.7554578750000047
4771.813922949386       -0.788171399999996
4766.363937565896       -0.8191048999999992
4761.29291372151       -0.8481771000000009
4756.563511592027       -0.8755877500000082
4752.067490315935       -0.9018991500000055
4747.653334473865       -0.9278689249999985
4743.075087378859       -0.9547291000000087
4738.154304357048       -0.9833276749999982
4732.741672551908       -1.014374950000004
4726.79970769474       -1.0480548499999998
4720.380417231766       -1.084073150000009
4713.544374555526       -1.1220819250000034
4706.338930429485       -1.1618241750000067
4698.846955503225       -1.2028936250000015
4691.133583716376       -1.2449743749999982
4683.287292007446       -1.287636450000008
4675.3238615215       -1.3308117500000094
4667.275100410172       -1.3743553500000019
4659.153297174568       -1.418212550000007
4650.980300118236       -1.4622827750000056
4642.805604265914       -1.5063262750000064
4634.599388559697       -1.5505133999999998
4626.354414259988       -1.594874075000007
4618.092207047669       -1.6393027750000044
4609.804420161926       -1.6838534750000065
4601.529387740089       -1.7283250750000008
4593.246999407559       -1.7728369750000041
4584.9351782491785       -1.8174962750000105
4576.59940714622       -1.862302100000008
4568.249338440869       -1.9071909999999974
4559.9229042316365       -1.9519599000000056
4551.576012937361       -1.996844975000002
4543.231847109654       -2.041715625000009
4534.874784891616       -2.0866542500000094
4526.532052825518       -2.1315294250000107
4518.224435531409       -2.1762391250000093
4509.905065716052       -2.2210194250000086
4501.593758570785       -2.265780024999998
4493.295699099552       -2.3104835000000037
4485.041851982387       -2.35497847500001
4476.805228207704       -2.3994105750000045
4468.588875356961       -2.443760775000001
4460.3896561960155       -2.488048550000002
4452.222909148769       -2.5321923999999996
4444.106930126789       -2.5761198000000007
4435.9842958252375       -2.620095875000004
4427.898937812582       -2.66388855000001
4419.840529234279       -2.707535000000007
4411.838436491199       -2.750886350000002
4403.886322472848       -2.7939739500000087
4395.959675999127       -2.8369131750000065
4388.069525392404       -2.879647250000005
4380.219759610646       -2.922143775000009
4372.447463696001       -2.964216950000008
4364.701019101449       -3.0061295750000028
4357.002408412388       -3.047756650000011
4349.33540324865       -3.089187074999998
4341.714880221759       -3.1303439250000054
4334.142638127249       -3.171226224999998
4326.591572399939       -3.2119607249999973
4319.079519400334       -3.252445025
4311.610292663195       -3.292670775000005
4304.234260142356       -3.332381975000004
4300.766854553941       -3.3510253999999975
4297.328958562638       -3.369549950000007
4293.937313982094       -3.387838500000001
4292.2607796961875       -3.396875350000002
4290.63429746851       -3.4056704500000023
4289.081513163265       -3.41409625
4288.332979571441       -3.4181639250000018
4287.640850395012       -3.4219495250000023
4287.312103490407       -3.42375542500001
4287.013982447566       -3.4254080500000015
4286.873813493357       -3.426187650000003
4286.747467941012       -3.426900775000007
4286.639879742245       -3.427520350000009
4286.562891679533       -3.4279814000000073
4286.536242287673       -3.4281617750000066
4286.530320223094       -3.4282148000000063
4286.530320223094       -3.4282358250000016
4286.542164360435       -3.428200425
4286.572761866713       -3.4280684250000064
4286.604346618409       -3.427924349999998
4286.624087206398       -3.4278295499999984
4286.648763069226       -3.427710849999997
4286.68133542566       -3.427557649999997
4286.725752674216       -3.427339349999997
4286.76029974128       -3.4271691000000004
4286.780041047461       -3.4270709750000066
4286.803730734885       -3.4269525499999958
4286.833343028263       -3.4268087250000008
4286.868878050329       -3.4266296500000095
4286.893555322295       -3.426508350000006
4286.922181135734       -3.4263673500000067
4286.95672978583       -3.426192075000003
4286.9764719966115       -3.4260953750000027
4286.998188533476       -3.425988650000008
4287.009046843162       -3.425933350000008
4287.020892303275       -3.4258757250000116
4287.031750670466       -3.4258172500000086
4287.043596193316       -3.425760050000008
4287.050506096757       -3.4257273500000025
4287.056428880001       -3.425696424999998
4287.059390274695       -3.4256823000000054
4287.061364538955       -3.4256685000000004
4287.0643259370545       -3.4256557249999986
4287.065313070212       -3.425650300000001
4287.066300203593       -3.425644575000007
4287.0672873372005       -3.4256390750000065
4287.0672873372005       -3.425633600000012
4287.068274471039       -3.4256309499999986
4287.068274471039       -3.4256296500000047
4287.069261605102       -3.4256280000000032
4287.069261605102       -3.425626274999999
4287.0702487393955       -3.4256259750000027
4287.072223008656       -3.4256286749999987
4828.924330098216       -1.5405791499999992
4850.81486760683       -1.4939370000000025
4866.9871544308835       -1.462109500000011
4879.071696649       -1.4407826750000083
4887.970768119806       -1.4257625500000017
4895.609850935637       -1.4133669750000024
4903.523940506825       -1.4015913000000069
4911.836476928268       -1.3904704500000094
4920.117788733346       -1.3797954000000061
4928.494769683646       -1.3694054999999992
4934.927764236907       -1.3617217250000095
4940.135942619515       -1.3559587000000022
4944.5719405826       -1.3515813000000065
4948.102642811655       -1.3481369750000027
4950.9198997748745       -1.3454155499999985
4953.34639598124       -1.3430916749999966
4955.777504766719       -1.3407789750000063
4958.197248389441       -1.338488550000008
4960.6227423938935       -1.3362098249999974
4963.052851276848       -1.3339469250000064
4965.487580657179       -1.3317032249999983
4967.921216632136       -1.3294889000000012
4970.353756423823       -1.3273081250000018
4972.789777361025       -1.3251586749999973
4975.230428983106       -1.3230363500000095
4977.705516981681       -1.3209417750000085
4980.509811655568       -1.3189368250000086
4983.200942424512       -1.3170101750000072
4985.911896042995       -1.315085449999998
4988.628919165378       -1.313163975000009
4991.3589159179       -1.3112388500000094
4994.100756041534       -1.3093101000000047
4996.852156273169       -1.3073804750000022
4999.609677142463       -1.305454075
5002.374478947206       -1.303533250000001
5005.138504745114       -1.301628050000005
5007.8982922261675       -1.2997488000000033
5010.658447681858       -1.297898724999996
5013.421278808835       -1.2960766249999978
5016.191408436021       -1.2942779500000086
5019.183804392447       -1.292526450000011
5022.356074091702       -1.2908578250000033
5025.443561672283       -1.2892363750000015
5028.542210190809       -1.2876174250000076
5031.649720787545       -1.2859985750000078
5034.7707447211405       -1.2843740750000023
5037.906464771654       -1.2827401750000007
5041.055745235437       -1.281095350000001
5044.213963201968       -1.2794416500000096
5047.3776463936465       -1.2777849000000003
5050.543313817435       -1.2761315500000023
5053.702821104721       -1.2744959999999992
5056.857318597927       -1.2728848500000112
5060.139618691176       -1.2713096000000093
5063.844955376883       -1.269814850000003
5067.353478388385       -1.2684001249999994
5070.877276029203       -1.2669931000000076
5074.397681971519       -1.2655947749999967
5077.926378095948       -1.2642002000000048
5081.4633782953815       -1.26280675000001
5085.009867367704       -1.2614112250000034
5088.56703342393       -1.2600103999999988
5092.138412927376       -1.2586006249999997
5095.725205640215       -1.2571779750000047
5099.325092268658       -1.2557402999999994
5103.033272464498       -1.254293599999997
5107.349758837183       -1.2528868250000045
5111.34740705115       -1.2515670750000112
5115.344650766525       -1.2502566499999972
5119.324981361885       -1.24896265000001
5123.303690376191       -1.2476831500000003
5127.28431101857       -1.2464165500000064
5131.270387495219       -1.245159975000007
5135.260745282752       -1.2439103749999987
5139.258939621981       -1.2426650000000024
5143.264983982073       -1.241421625000001
5147.397413705381       -1.240182075000007
5152.221196551922       -1.2389778000000007
5156.680214775832       -1.2378488250000004
5161.160918069134       -1.2367116750000093
5165.633620376346       -1.235567224999997
5170.113770149103       -1.2344116499999984
5174.6037630313685       -1.23324255
5179.106002980403       -1.232057850000004
5183.618128026862       -1.2308570000000003
5188.12821105646       -1.229647700000001
5193.110934125273       -1.2284487000000013
5198.298329855977       -1.2273147750000106
5203.253679365516       -1.2262336000000005
5208.214951865925       -1.225159375000004
5213.173752640494       -1.2240925250000032
5218.1372747457635       -1.223030950000009
5223.110333337136       -1.2219731500000108
5228.096558108204       -1.2209174250000103
5233.516527349615       -1.2198664499999978
5239.2979893067195       -1.2188558750000027
5244.794784235663       -1.2178887000000032
5250.305808598039       -1.2169173750000084
5255.815362546079       -1.215942350000006
5261.339178367274       -1.2149627250000066
5267.10892793322       -1.2139791500000001
5273.580745249087       -1.2130102500000106
5279.654460109051       -1.2120905999999962
5285.768031629027       -1.2111617249999966
5291.915489474772       -1.2102235500000091
5299.0241647498015       -1.2092773250000022
5305.780753299858       -1.2083784250000065
5312.532501093577       -1.2074750999999964
5320.024103953643       -1.2065686500000083
5327.493150268071       -1.205702825000003
5334.804391470935       -1.2048571750000008
5342.601724591325       -1.204015025000004
5350.9316061459485       -1.2031972500000023
5358.917855683684       -1.202412675000005
5367.000058242696       -1.2016288749999973
5376.076005173115       -1.200847925000005
5385.002385227489       -1.2001007000000072
5393.8740349189075       -1.1993617500000084
5402.945664297838       -1.1986223250000023
5413.140506155574       -1.1978861250000108
5422.9549918933535       -1.1971785750000095
5432.8673332332455       -1.1964704500000067
5443.065995049708       -1.1957612500000039
5454.29093826937       -1.1950547500000113
5465.376687692601       -1.194366675000012
5476.689255691632       -1.1936780750000082
5488.476385902382       -1.1929879000000057
5501.1628311684335       -1.192299024999997
5514.6594707946715       -1.191617375000007
5528.628395583222       -1.1909413750000084
5543.403605964405       -1.1902634500000033
5559.011852384378       -1.1895842250000044
5575.400889089348       -1.1889029499999992
5592.497517678495       -1.188217899999998
5610.223977735664       -1.1875270250000085
5628.505567337106       -1.18682852500001
5647.329137305132       -1.1861207500000006
5666.699721756406       -1.1854019000000022
5686.551805496894       -1.1846714750000018
5706.797995167137       -1.1839307000000048
5727.39452472576       -1.1831819500000051
5748.373782988197       -1.1824270999999982
5769.758026617       -1.1816670999999985
5791.516526881833       -1.180902775000007
5813.610077419991       -1.1801354500000087
5836.052633463828       -1.1793656500000083
5858.90559171849       -1.1785928750000068
5882.251646972727       -1.177814925000007
5906.116373412058       -1.177029900000008
5930.430217594236       -1.1762377499999985
5955.099195153656       -1.1754399750000033
5980.066314241114       -1.1746377999999993
6005.341374868601       -1.1738312250000007
6030.974608277187       -1.173018975000005
6057.036628992872       -1.1721990250000118
6083.56426257141       -1.1713696500000026
6110.564040608743       -1.17052975
6138.015771392552       -1.1696790250000078
6165.900327128966       -1.168817450000006
6194.213922316619       -1.1679444749999988
6222.954133304056       -1.1670591750000057
6252.137202515612       -1.1661598750000053
6281.769549499429       -1.1652446500000053
6311.86207170706       -1.164311650000002
6342.401044630407       -1.1633594000000045
6373.287353043611       -1.162391900000003
6404.5305263532255       -1.161412850000005
6436.112103694421       -1.1604263500000087
6468.038554913172       -1.1594347750000082
6500.3374107447735       -1.1584386749999993
6533.0502703369775       -1.1574368250000049
6566.216528700873       -1.156427375000007
6599.883963219823       -1.1554080249999998
6634.110484720527       -1.1543762000000015
6668.947522530733       -1.1533293250000014
6704.413624988287       -1.1522655750000013
6740.482725127311       -1.1511843749999997
6777.128183171416       -1.1500855750000056
6814.363554759682       -1.1489680000000106
6852.186895969115       -1.147830925000008
6890.581915586349       -1.1466735999999997
6929.630852805123       -1.1454919000000103
6969.4242155395095       -1.1442799250000064
7009.965813726187       -1.1430354499999993
7051.056586283749       -1.1417695749999979
7092.6936163426       -1.1404888500000112
7134.849225764168       -1.1391973500000034
7177.584267885353       -1.1378939250000002
7220.956021894566       -1.1365757000000087
7264.99466980229       -1.1352397750000023
7309.729399309399       -1.1338828749999976
7355.166358352842       -1.132502500000001
7401.236807962881       -1.13109857500001
7447.774177240788       -1.1296741499999996
7494.743946097917       -1.128228649999997
7542.101973200905       -1.1267622499999987
7589.879833532907       -1.1252716249999963
7638.0817096564615       -1.1237537000000088
7686.786168391113       -1.122200950000007
7735.592791001295       -1.1206353250000092
7784.82582036929       -1.119052950000011
7834.406467153336       -1.1174558750000045
7884.397290100595       -1.1158406750000012
7934.81672392786       -1.1142047250000076
7985.694649932837       -1.1125442499999991
8036.891402183489       -1.1108612000000022
8088.354919939052       -1.1091555250000056
8140.069257913954       -1.1074254749999994
8191.955792715916       -1.1056717750000047
8243.88832460675       -1.1038978250000042
8295.699271515447       -1.1021076749999992
8347.049711820713       -1.1003112500000043
8397.480422100083       -1.0985230499999972
8446.381627808883       -1.0967728000000108
8493.799401098615       -1.0950650000000053
8539.67809158306       -1.0934024250000078
8584.181666458056       -1.0917795000000012
8627.391376565216       -1.090193499999998
8669.423126947266       -1.0886403000000087
8710.371937334565       -1.0871171000000004
8750.333388562509       -1.085621025000009
8789.36904778954       -1.0841503750000072
8827.546216824592       -1.0827032500000087
8864.939988984857       -1.0812775750000014
8901.614859289415       -1.07987150000001
8937.618233100147       -1.0784838250000064
8972.998600190589       -1.0771134750000044
9007.820015662539       -1.075758399999998
9042.112372382062       -1.0744177500000092
9075.937572655992       -1.0730894000000006
9109.293600674315       -1.071774425000001
9142.178571852663       -1.070476675000009
9174.67100890496       -1.0691955000000064
9206.833727466783       -1.0679278249999982
9238.705001600905       -1.066671624999998
9270.281028969008       -1.0654266000000092
9301.59230123909       -1.0641915249999983
9332.65475130582       -1.0629655000000042
9363.497524366141       -1.0617471500000022
9394.182652890146       -1.06053335
9424.666689608246       -1.0593248750000015
9454.95791292087       -1.0581216000000069
9485.077855082378       -1.0569233500000053
9515.048361759204       -1.0557292750000045
9544.882797054852       -1.054538800000003
9574.583698708146       -1.0533520000000038
9604.189046165719       -1.0521673249999992
9633.679637406176       -1.050985175000008
9663.062755114       -1.049805500000005
9692.2788402241       -1.0486325500000078
9721.366129737475       -1.0474682000000115
9750.354367237853       -1.046312075000003
9779.284931119057       -1.045161125000007
9808.17712204932       -1.0440127500000074
9837.016503438212       -1.042866674999999
9865.799836995144       -1.0417229500000076
9894.54208380782       -1.04058052500001
9923.240110214616       -1.0394388499999963
9951.893046798585       -1.0382976249999984
9980.504619564652       -1.0371564750000033
10009.06708304271       -1.0360156750000016
10037.600347037622       -1.0348742500000014
10066.124556966983       -1.0337305000000043
10094.599659752113       -1.032585300000008
10123.022450189184       -1.0314388500000007
10151.408395980587       -1.0302908999999971
10179.756739287164       -1.0291412500000092
10207.958599287836       -1.0279976500000032
10236.09952840226       -1.0268606000000062
10264.204590598452       -1.025729025000004
10292.30387382161       -1.024599600000002
10320.392156008855       -1.0234712250000086
10348.473693533982       -1.0223428250000097
10376.564739842886       -1.0212127500000037
10404.626625905776       -1.0200819500000051
10432.675518958831       -1.0189496250000047
10460.715722740939       -1.0178152750000038
10488.744346214587       -1.0166785500000088
10516.758471481588       -1.0155392249999977
10544.767293932415       -1.0143969249999998
10572.775242169126       -1.013250825
10600.759945238537       -1.01210205000001
10628.73550956729       -1.0109504250000043
10656.701472432245       -1.0097954250000072
10684.53927957202       -1.008645725000008
10712.328941280579       -1.007502549999998
10740.101853390286       -1.006364425000001
10767.872387799787       -1.0052288250000032
10795.682412681159       -1.004092700000001
10823.499464634673       -1.0029557000000011
10851.34071855359       -1.0018152749999985
10879.183447529249       -1.000671925000006
10907.057433141355       -0.9995238500000028
10934.912192580376       -0.9983728250000041
10962.757311432864       -0.9972186000000107
10990.592354287897       -0.9960610750000001
11018.419421934901       -0.9949001000000095
11046.238096419953       -0.993735650000005
11074.04795891242       -0.9925676750000036
11101.833251954602       -0.9913971000000004
11129.55243700948       -0.9902277500000025
11157.125031627605       -0.9890700750000008
11184.704126059718       -0.98791820000001
11212.294594632629       -0.9867686999999989
11239.896185530637       -0.9856196500000038
11267.495673957084       -0.9844705499999975
11295.105715121716       -0.9833199750000006
11322.715626202169       -0.9821671500000093
11350.317235367593       -0.9810118000000045
11377.910153312918       -0.9798535999999984
11405.483485116263       -0.9786928250000102
11433.023601010196       -0.9775306500000056
11460.556327144024       -0.9763656750000109
11488.07070936651       -0.975197774999998
11515.563646128809       -0.974027200000009
11543.034667797972       -0.9728537750000044
11570.256849145097       -0.9716964250000046
11597.481809338133       -0.970548425000004
11624.68249936192       -0.9694069749999983
11651.885277866051       -0.9682683000000054
11679.073726024719       -0.9671318750000069
11706.255533267677       -0.965995575000008
11733.387130825975       -0.964861225000007
11760.505788281773       -0.963726125000008
11787.594840468146       -0.9625903999999963
11814.683719264958       -0.9614502499999986
11841.7339637207       -0.9603078500000066
11868.70676369018       -0.9591659499999992
11895.612264820233       -0.9580253750000054
11922.466203025939       -0.9568853749999988
11949.234937299434       -0.9557483250000018
11975.669444700205       -0.9546394750000076
12002.140322645095       -0.9535413250000033
12028.520148442969       -0.9524554000000052
12054.891337191273       -0.9513742999999977
12081.203505668265       -0.9502980750000063
12107.43650067753       -0.9492272250000013
12133.589557706997       -0.9481608250000022
12159.636714533053       -0.9471006750000015
12185.607911558498       -0.9460441750000115
12211.460246856419       -0.9449936500000007
12237.226542000873       -0.943947074999997
12262.838254397146       -0.9429087500000009
12288.313993211266       -0.9418792000000025
12313.595982770696       -0.9408645000000035
12338.47825395371       -0.9398903750000045
12363.31401496199       -0.9389376750000054
12387.977275047166       -0.9380072499999983
12412.526823046694       -0.9370931750000011
12436.918832897716       -0.9361955749999993
12461.152185460747       -0.9353131250000075
12485.217142819507       -0.9344452750000016
12509.066462611054       -0.9335950250000025
12532.736247467807       -0.9327599249999992
12556.170374392177       -0.931943099999998
12579.431078271795       -0.9311403500000068
12602.415669821672       -0.9303592750000007
12624.968406885242       -0.9296177000000085
12647.121767487211       -0.9289281000000074
12669.004779901463       -0.9282795000000021
12690.569153354254       -0.9276697500000068
12711.82191392417       -0.9270965999999987
12732.746714988609       -0.9265584750000073
12753.291899322909       -0.9260579750000062
12773.437872106857       -0.9255970000000104
12793.132560394977       -0.9251801250000113
12812.376729978147       -0.9248086999999998
12831.08553221887       -0.924491175
12849.259497249543       -0.9242295250000012
12866.47854058396       -0.9240701500000057
12883.035395610526       -0.9240166000000016
12898.817555035555       -0.9240642000000037
12913.842935524872       -0.9242095999999975
12928.028475019817       -0.9244578750000016
12941.284952915208       -0.924816425000003
12953.502104399853       -0.9252971749999972
12964.569493662219       -0.9259137749999979
12974.337769012349       -0.9266841250000084
12982.66347956266       -0.9276264000000083
12989.283629259427       -0.9287701000000084
12993.56131058816       -0.9302009250000083
12995.59893929764       -0.9319155000000023
12995.377507488465       -0.9338121250000029
12993.073643616392       -0.9358346500000039
12988.96360764161       -0.9379431750000009
12983.30023071881       -0.9401183000000088
12978.329618414185       -0.9420970250000096
12968.131329372392       -0.9446578000000017
12958.603447125468       -0.9469903500000072
12948.22686377162       -0.949368524999997
12936.967883556214       -0.9517931500000003
12924.938937716783       -0.9542540750000086
12912.038133663851       -0.9567691750000051
12898.505702242743       -0.9593119750000056
12884.30212286242       -0.9618945250000053
12869.414828204517       -0.9645239000000032
12854.014929710012       -0.9671827250000007
12838.145694667373       -0.9698682750000103
12821.81185989987       -0.9725823750000018
12805.07127024742       -0.9753208750000084
12787.937352006958       -0.9780836750000077
12770.86164707577       -0.9808407499999987
12753.796996609679       -0.9835988749999984
12736.488271117329       -0.9863791750000104
12718.986313735788       -0.989177699999999
12701.198399784673       -0.9920031500000022
12683.233852052197       -0.9948464750000028
12665.038082251996       -0.997711625000008
12646.606334980002       -1.0005977499999972
12628.015317209594       -1.0035007000000036
12609.225163197774       -1.0064220000000006
12590.245540724778       -1.0093597750000072
12571.074495418548       -1.0123128250000093
12551.718769491854       -1.0152814500000034
12532.16776383571       -1.0182704500000028
12512.491630743156       -1.0212679750000007
12492.529969914896       -1.0242926500000067
12472.516869225443       -1.0273131750000033
12452.378129001741       -1.0303386000000074
12432.206065317409       -1.0333571500000005
12411.51795830537       -1.0364255249999985
12392.265230071385       -1.0393137249999995
12371.102350911893       -1.0424294000000032
12350.939660148639       -1.045405450000004
12330.403821493881       -1.048417999999998
12309.989996228564       -1.0514045250000095
12289.44867062855       -1.0543967750000007
12268.93032163904       -1.0573756000000003
12248.316496368265       -1.0603555250000056
12227.706334814799       -1.0633254749999992
12205.27586960253       -1.0664856000000071
12188.792956036394       -1.0689677000000017
12166.728026574337       -1.0721227249999998
12142.815602811883       -1.0754256000000026
12122.94681896041       -1.078240000000008
12102.346974351944       -1.0811477000000025
12077.01762213203       -1.0846997499999986
12045.704360172904       -1.0890724249999977
12006.723237805036       -1.0944865499999992
11957.770115917796       -1.101240175000001
11895.590352312824       -1.1097448000000014
11815.173407075803       -1.1206102250000072
11724.24269843181       -1.1327284500000019
11631.989460229963       -1.144833250000005
11538.190365789584       -1.156911700000009
11443.113353314322       -1.168917350000001
11346.656302408996       -1.1808490500000062
11248.846745973933       -1.192693349999999
11149.674784553647       -1.2044420000000002
11049.163497587071       -1.2160908999999975
10947.32723223761       -1.227636000000004
10844.127121394997       -1.2390791750000005
10739.993041948426       -1.250392325000007
10634.649968549717       -1.2616038999999972
10528.378751276583       -1.2726915000000076
10421.139271778247       -1.2836597250000068
10312.633887979691       -1.2945339500000017
10203.054348258065       -1.3052944249999996
10092.44752492183       -1.3159383750000018
9980.881514443814       -1.3264666000000034
9868.546685710253       -1.3368741499999999
9755.544178800583       -1.3471700000000055
9641.788485123536       -1.3573779750000057
9527.23987636924       -1.3675152250000053
9411.516327352116       -1.3776226250000008
9294.33667139387       -1.3877332750000022
9175.41042982414       -1.397887824999998
9054.346282028426       -1.408142325
8930.4347159089       -1.418583175000009
8802.963477067813       -1.4293062750000018
8670.085893483778       -1.4404786750000085
8530.052418835436       -1.4522574000000077
8380.9857068677       -1.4648132250000003
8219.664662539852       -1.4783708500000046
8042.870942811385       -1.4931431750000002
7852.475679750679       -1.5088306500000073
7655.97135766839       -1.5246713500000055
7459.777944425238       -1.5400709500000005
7265.533340014777       -1.5548581500000012
7073.458339307429       -1.569028099999997
6886.81790633383       -1.5823676250000034
6710.34114970019       -1.5946187250000037
6545.669901060646       -1.605780375000009
6392.274258901821       -1.6159557499999977
6249.966650826957       -1.6252865000000014
6117.101686905651       -1.6339591500000097
5992.386266238288       -1.6420991250000014
5876.109768234687       -1.649744725000005
5768.036500990966       -1.6569669499999975
5668.024254448263       -1.663834074999997
5576.220003125204       -1.6704327000000063
5493.481926124301       -1.6767907500000092
5421.460526060409       -1.6830177249999991
5364.657497693258       -1.6892705249999977
5318.858050021107       -1.6958833999999996
5281.074571571281       -1.7029248250000109
5246.1644479313145       -1.7104340249999979
5215.106718872681       -1.7181781250000085
5187.22635839581       -1.7262211500000006
5162.169969330514       -1.7345798750000085
5139.828166390792       -1.7432096000000001
5119.451111106502       -1.752233000000004
5099.1031802914695       -1.761650099999997
5082.371418359195       -1.7712828000000087
5063.837959421373       -1.7815482250000088
5048.1714925435535       -1.7918708250000037
5031.842048770417       -1.8025815499999993
5016.631490647678       -1.8134302750000018
5002.783398608008       -1.824734575000008
4988.710475704378       -1.8363944750000059
4975.050574738754       -1.8480791750000094
4962.864295308807       -1.8601091250000081
4951.2334073454285       -1.8723135999999982
4939.8276874776175       -1.884623700000006
4928.313200570892       -1.8975779750000044
4916.604790823402       -1.911421224999998
4905.765672828427       -1.9268447750000064
4894.514280877425       -1.943294850000001
4883.270703368756       -1.9605314750000105
4872.114655506498       -1.9783040000000085
4861.076995501595       -1.9964960500000046
4850.773540951065       -2.0156235750000064
4840.527591618184       -2.03515345000001
4830.421180679469       -2.0549080500000088
4820.461293622249       -2.0748736750000063
4810.634925957128       -2.095090650000003
4800.943555318144       -2.115562275000002
4791.748328175318       -2.1367467000000033
4782.6522041495255       -2.1582591000000093
4773.687660778138       -2.1799212000000097
4764.866091124808       -2.201705000000004
4756.188954525647       -2.223603600000004
4747.659893603872       -2.2455882500000115
4739.28471553969       -2.2676337999999987
4731.177044434345       -2.2898423000000037
4723.355133776608       -2.3122286000000116
4715.679709475618       -2.334546650000007
4708.21514502211       -2.3566324000000094
4700.996198580969       -2.378377575000002
4694.067171441086       -2.3996263000000084
4687.503445937412       -2.420144950000008
4681.424244928028       -2.4395509000000004
4675.990283003564       -2.4572997249999986
4671.492974017992       -2.4725009250000056
4668.332705148907       -2.483863150000005
4667.133244831431       -2.489356100000009
4668.117725433114       -2.4880150999999984
4670.67017346593       -2.481532299999998
4674.209782517622       -2.4718099749999993
4678.46947244186       -2.4597612750000053
4683.238765755078       -2.4460443749999996
4688.336768593834       -2.431304449999999
4693.588379794069       -2.4160521499999987
4699.016824644415       -2.400910175000007
4704.400635845105       -2.386146025000002
4709.582401931666       -2.3719347500000083
4714.535388389518       -2.358382149999997
4719.22952224082       -2.3455694999999963
4723.650968258276       -2.3335359750000038
4727.812014923456       -2.3222454
4731.727220276707       -2.311642974999998
4735.403600242728       -2.301690575000009
4738.92897792485       -2.292459875000006
4742.3182993148885       -2.283995950000005
4745.396438723496       -2.27625230000001
4748.148574275429       -2.2692818250000073
4750.542414745571       -2.263147674999999
4752.550058770085       -2.257911325000009
4754.143648659564       -2.2536295499999994
4755.2723998075135       -2.250409024999996
4755.8987478403915       -2.248357525000003
4756.0038772733005       -2.2475186000000065
4755.540668148254       -2.248004300000005
4754.456738028985       -2.249962199999999
4752.729529833763       -2.2534713250000067
4750.366307706694       -2.2585397
4747.31555152856       -2.2653331000000065
4743.569849611818       -2.273935425000005
4739.28471553969       -2.2840302500000007
4734.529206668086       -2.295489450000005
4729.36028452508       -2.308227775000006
4723.8445758536645       -2.32211202500001
4718.05718034793       -2.336968200000001
4712.0056225872       -2.352793224999999
4705.915232739478       -2.36965115000001
4699.616284567628       -2.3875422750000013
4693.148539768158       -2.40624827500001
4686.541854818748       -2.42568377500001
4679.804384778256       -2.4458547500000094
4672.97976025958       -2.466647899999998
4666.094176727251       -2.487990350000004
4659.141496282893       -2.5098619999999983
4652.169181890756       -2.53218935000001
4645.13884763098       -2.555121975000006
4638.238751355344       -2.5785800999999964
4631.290252749429       -2.6025215250000002
4624.341515666965       -2.626771775000009
4617.397888414547       -2.6513123250000064
4610.35640548794       -2.676452249999997
4603.5047966125485       -2.7012941500000096
4596.741693958823       -2.726108824999997
4589.939910714283       -2.751316250000002
4583.162966393564       -2.7767015499999985
4576.42658705232       -2.8022114000000045
4569.796913469815       -2.82801627500001
4563.21151758361       -2.8538748
4556.691219869754       -2.87971675
4550.2095750925155       -2.905624175
4543.745519982371       -2.9316688250000027
4537.291692497723       -2.9578735250000108
4530.850161674638       -2.9842223250000046
4524.489659588391       -3.0104580750000025
4518.196345908898       -3.036622675000004
4511.923213860372       -3.062892500000004
4505.680578367617       -3.089202825000001
4499.457976509203       -3.1156074250000074
4493.301906821256       -3.1421313000000026
4487.216252501757       -3.1685410250000103
4481.210036662217       -3.1947793500000046
4475.230408484943       -3.2210420500000083
4469.272137515276       -3.2473482750000073
4463.337215113929       -3.2736886750000025
4456.090474713113       -3.306050275000004
4447.341714086391       -3.3454262500000027
4436.691176947381       -3.3937822750000066
4423.504770807642       -3.454247824999996
4407.282611553115       -3.5296388250000064
4387.013794499295       -3.6258950250000055
4365.468913938891       -3.727582824999999
4344.708063870875       -3.8275134250000065
4324.6374017086455       -3.9249723500000044
4305.29386208294       -4.019523875000004
4286.626061270198       -4.111472800000001
4268.4981742652235       -4.201178425000009
4250.776784246539       -4.289186624999999
4233.449660608718       -4.375563800000009
4216.663066560287       -4.4596040750000014
4195.179038179054       -4.566918999999999
4180.749052401081       -4.640221374999996
4169.6701441524865       -4.697665000000001
4154.550094997755       -4.775270175000003
4142.6295620396695       -4.837425875000008
4132.291025029823       -4.892206999999999
4123.624393024655       -4.939109174999999
4117.345389981474       -4.9745144250000095
4115.415604803808       -4.988378775000001
4119.369982475601       -4.973077425
4125.329097081575       -4.948360825000009
4128.617984061068       -4.937822425000007
4127.37377148452       -4.951633325000003
4122.491795563593       -4.985831975000011
4116.215464909159       -5.0293645750000024
4110.096323074069       -5.075178350000002
4104.925693316572       -5.119954475
4101.058836426403       -5.1628602500000085
4098.601550386938       -5.204676649999996
4098.100456205292       -5.243733474999999
4099.769120419925       -5.281536775000006
4104.112906893155       -5.318113800000006
4111.844667275191       -5.353791825000002
4124.056437976992       -5.386735424999998
4141.883698389297       -5.418519400000008
4167.313759741458       -5.447945275000009
4203.682434564739       -5.474820825000009
4255.943952488059       -5.498751425000009
4338.618861976816       -5.519643925000011
4386.960257021372       -5.527074624999997
4459.52805062139       -5.534792074999999
4602.195887480384       -5.541166650000008
4768.406815018689       -5.5452248
4941.498865580596       -5.551218575000007
4784.184283187442       -5.545666449999999
4801.941887772873       -5.546431999999996
4819.875274467759       -5.548440150000005
4838.425963934717       -5.551851325000001
4857.597205090744       -5.55678540000001
4884.379502059792       -5.561255299999999
4917.140298597103       -5.570820525000002
4962.326093136878       -5.583011350000007
5030.541081723465       -5.595325875
5144.422156213404       -5.606651850000006
5263.559056132607       -5.613153875000009
5464.22910225701       -5.618894275000002
5614.126575940184       -5.621517250000011
5841.169380969777       -5.6239251249999995
6009.839862552248       -5.624855824999997
6256.333627309095       -5.625722324999998
6473.6408263513       -5.626211525000002
6746.950128683124       -5.626782750000004
6967.011060489293       -5.627054450000003
7109.572707874506       -5.627206475000008
7280.856977283389       -5.627334650000009
7397.238136405171       -5.627432475000006
7429.912513239371       -5.627465650000005
7414.153956407589       -5.6274485250000055
7422.358039445985       -5.6274574000000115
7416.361658479273       -5.627449575
