5903.209822893385       4.83673448575
5905.616347012959       4.820368390249996
5905.520616572342       4.8206189689999945
5905.539789732335       4.82057514249999
5905.569705425455       4.820520015499994
5905.595949771932       4.82047350149999
5905.6175708496585       4.820436432999998
5905.636744324429       4.82040456499999
5905.657005723576       4.82037202299999
5905.682298574417       4.82033230575
5905.716974433081       4.820278117749993
5905.766880830185       4.820200079749995
5905.772320245006       4.820167826000002
5905.73247664752       4.82021811525
5905.665980593734       4.820314297750002
5905.580311934862       4.82045019425
5905.485397951274       4.820609709999999
5905.404627080736       4.820745517249989
5905.382870806152       4.8207711074999935
5905.496412246486       4.820551270999999
5905.823858949025       4.819983861249995
5906.4056383620045       4.819064660750001
5907.232576340968       4.817887469499993
5908.257704891372       4.816584978499989
5909.433910760165       4.815243070249991
5910.730389411503       4.813875455999991
5912.141093951599       4.812437165250003
5913.662838013813       4.810882090500002
5915.270645546101       4.809202032249999
5916.913495568047       4.807425668999997
5918.524639912273       4.805598032249989
5920.038485072547       4.803759582499993
5921.392918819537       4.801950442500001
5922.572830602459       4.800160226749995
5923.607441069054       4.798333336249996
5924.558198190887       4.796380969499992
5925.494645301518       4.794201254249998
5926.782092359213       4.791632399249991
5928.387733494318       4.788593125999995
5930.2146040077       4.784989856999999
5932.320415077833       4.780687968999999
5934.753018395721       4.775534743249992
5937.571193461289       4.76934435474999
5940.831162906686       4.761886404249992
5944.592647542477       4.752875240175001
5948.892348801209       4.741956084899996
5953.681530443972       4.72872390389999
5958.900036763128       4.712651008599991
5964.517264476137       4.695357997499997
5971.678247396921       4.6785207945000025
5977.577286609064       4.662832113500002
5982.678980117402       4.647315358499995
5987.167384806833       4.63150763825
5991.274252299279       4.615561556749995
5997.565504994728       4.59942279325
6002.898497921424       4.583903217249997
6007.453252634902       4.568598593499999
6011.344259639607       4.553212300499993
6014.556376069119       4.537783869249992
6019.370839133262       4.522204809999991
6024.150316765937       4.5069912445
6028.145135809596       4.492115532749992
6031.4773325555325       4.477268592499996
6034.172204432554       4.462386275
6036.643098054548       4.4475299324999895
6040.9619463512845       4.432613875000001
6044.486333708385       4.418213622499991
6047.326261253869       4.404031612499992
6049.560160878324       4.389832049999995
6051.187360118506       4.375644017499994
6052.876320685262       4.361527522499998
6056.060428709958       4.3474626274999935
6058.554235518043       4.333861427499997
6060.436428241551       4.320467024999999
6061.756683864933       4.307081724999989
6062.516030877502       4.293728195
6062.7128624451425       4.280502729999995
6064.713647943907       4.267271817500003
6066.347716796071       4.254454567499991
6067.389840121647       4.241903207500002
6067.881628036583       4.2294133999999985
6067.82574103882       4.216974155000003
6067.213812089544       4.2046846874999915
6066.041819136938       4.1926085825
6066.418955451646       4.180610680000001
6066.4832106428685       4.169040192499992
6065.963601207416       4.1578269675
6064.910550861529       4.146819999999991
6063.3829752647525       4.135997724999996
6061.470557551152       4.125427802499999
6059.275510854538       4.115157267499995
6056.8776370779615       4.105168657500002
6056.427182649228       4.095260275000001
6055.894490309249       4.085618652500003
6055.138761156874       4.076048427499998
6054.15589664089       4.066349292499993
6052.9362512119305       4.056441612499995
6051.477181234014       4.0463244675
6049.780252989187       4.035992557499995
6047.835918818006       4.025430822499999
6045.641633464697       4.014631952499997
6043.606783638671       4.0035914475
6042.614660064801       3.992314717499994
6041.322221663194       3.9810214099999968
6039.726879813795       3.969624992500002
6037.827484379025       3.9581043900000026
6035.63127127727       3.946505037499989
6033.155235068114       3.9348711999999892
6030.405275030445       3.923232810000002
6027.390093847332       3.911612872500001
6024.121187487061       3.900036592500001
6020.610060829035       3.888523502499993
6016.862681274437       3.877092499999989
6012.897491344327       3.8657610424999973
6008.7176919336325       3.854543187499999
6004.806262482158       3.8434228249999904
6001.376868283229       3.832413502499989
5997.7215589505795       3.8216045074999982
5993.842129877207       3.810946389999998
5989.740398108905       3.8004335899999973
5985.429227306459       3.790080877500003
5980.924222573154       3.7799031999999926
5976.229954588139       3.769907782499999
5971.363373890044       3.760102234999991
5966.334524129668       3.7505038974999962
5961.153430298544       3.7411154874999966
5955.834210283167       3.731938037500001
5950.378612101376       3.7229758900000007
5944.793863524924       3.714226339999996
5939.092645417491       3.705691664999989
5933.276669219565       3.6973709649999904
5927.353107001381       3.6892663200000015
5921.33183652502       3.6813687249999987
5915.210443622534       3.673691597499996
5909.002857532164       3.666221120000003
5902.703926401726       3.658964439999991
5896.322102410441       3.651916377500001
5889.865806187861       3.645081664999992
5883.328524137839       3.638455669999999
5876.718660703816       3.632036437499991
5870.040531800446       3.6258235275000033
5863.288986834364       3.619823509999989
5856.480478721262       3.6140233974999916
5849.601754798599       3.6084322749999984
5842.65711712295       3.603043134999993
5835.654881987906       3.597854284999997
5828.58453967496       3.592875675000002
5821.454400811177       3.588087197500002
5814.263367119886       3.5835059074999975
5807.002326128311       3.5791200449999963
5799.680910399088       3.5749323974999925
5792.299371265676       3.570940447499993
5784.841977770236       3.567148152499996
5777.31968942842       3.5635483149999914
5769.724813315535       3.5601361975000003
5762.051027750643       3.556925094999997
5754.298674296625       3.5539059624999965
5746.470744040244       3.5510730424999934
5738.553039074604       3.5484370774999974
5730.544640508637       3.545991407499997
5722.445958684799       3.543727592499991
5714.2468821265575       3.5416563750000023
5705.930795455746       3.5397805374999933
5697.507427282897       3.5380892474999968
5688.978598651937       3.5365874249999933
5680.33043324618       3.5352755549999983
5671.551761092066       3.534156525
5662.635405006869       3.533226479999996
5653.812478084039       3.532390399999997
5645.807937883009       3.5313089849999955
5637.64337649792       3.530441447499996
5629.372665681294       3.52972561
5620.9885418149715       3.529172410000001
5612.479917144639       3.528780580000003
5603.8473951575725       3.528548082499995
5595.087722534135       3.528470740000003
5586.197678574747       3.5285445349999947
5577.159949917814       3.5287807624999914
5567.971453261582       3.5291831374999987
5558.622743029267       3.529752487499991
5549.11467753539       3.530478387499997
5539.436649173851       3.53136499499999
5529.58196509478       3.5324133725000024
5520.607867427188       3.5328676024999908
5511.9580041061845       3.5331552649999907
5503.110077563332       3.533636564999995
5494.110627814156       3.534247477500003
5484.950341453496       3.534978712499992
5475.625029272394       3.5358251099999904
5466.125516433502       3.536788012499997
5456.448995963358       3.537861067499989
5446.578909124664       3.539057672499993
5436.5038509417145       3.5403807249999915
5426.812291646872       3.5412930724999967
5418.054883367305       3.541324602499998
5409.018913190416       3.5415981725000023
5399.827670272335       3.541950264999997
5390.467103409046       3.5423694349999977
5380.929474808582       3.542859324999995
5371.2442280688665       3.5434267549999987
5361.344323894003       3.544057207499989
5351.2778367541805       3.5447079325000033
5342.707521076586       3.543682204999996
5333.797211590342       3.5428871599999923
5324.7607622012865       3.542131792500001
5315.5572502270215       3.5413918550000005
5306.2572381490045       3.540677497499999
5296.7722549614755       3.539956787500003
5287.094829566647       3.539231309999991
5278.816919331046       3.5367343449999993
5270.277705594919       3.5343043424999934
5261.614188816786       3.531868739999993
5252.874198805682       3.529399917500001
5244.0472968155245       3.526881605
5235.014633437333       3.5242752349999904
5226.997591701612       3.5202076949999963
5219.039694671768       3.5157568549999922
5210.957126566949       3.511244962500001
5202.964946858797       3.50669744999999
5194.733831239938       3.5019827974999913
5186.742647731786       3.496644660000001
5179.5245990587355       3.490025750000001
5172.14748030709       3.4832525224999955
5164.974717575374       3.4764565600000026
5157.518565782631       3.469398185000003
5150.299679664026       3.4616434624999926
5143.733980452998       3.4526813625000017
5137.190845882466       3.4435548874999995
5130.750545614324       3.4343061599999913
5124.0174490742265       3.4247085324999915
5117.963685186952       3.41379173
5112.041843648892       3.402339327500002
5106.623035906143       3.39098188749999
5100.703745956664       3.3791090499999967
5095.192539805741       3.366258535
5090.028335474345       3.3527085675000023
5085.4817485783915       3.3393541299999896
5080.334405302464       3.3253632400000015
5075.514817545959       3.3104122700000005
5071.484470953605       3.2952024825000024
5067.229798964382       3.2796073174999947
5062.68958775113       3.263492244999995
5058.5447931266945       3.2463420474999936
5055.402047503417       3.22950677499999
5051.480722843966       3.2118014624999915
5047.485732304623       3.193540972500003
5043.937540157557       3.1742857999999927
5041.344779270468       3.1557228899999927
5037.774224132372       3.136021032499997
5034.3047281694835       3.1154504499999973
5032.158363186794       3.0955253599999963
5028.979902069757       3.074326020000001
5025.639124020464       3.052502222499996
5022.605871391715       3.029799852499991
5020.824024516825       3.0083734050000004
5017.761327261238       2.9852421975
5016.164843028979       2.973503534999992
5014.688951486367       2.9614174350000013
5013.211185521414       2.949203479999994
5013.034575448621       2.9387503849999916
5011.763858978908       2.9266972499999895
5009.963940277405       2.9116956424999927
5007.761073873855       2.893464679999994
5005.167316721314       2.87102147249999
5003.773007304733       2.8474900100000013
5000.9705838875525       2.8215766274999936
4997.910790709017       2.7946203475000004
4996.359737549777       2.7810536674999895
4994.883922629609       2.7673011425000027
4993.37635004192       2.7533913274999975
4993.361403088158       2.7421987325000003
4992.079580833926       2.728548024999995
4990.205149211857       2.711386015000002
4987.884633773818       2.690459439999998
4985.046342506597       2.6647878424999902
4983.44993974443       2.6502489174999937
4981.86896071962       2.63570853249999
4981.3481964946795       2.6233821974999927
4980.454765331055       2.6101517875000013
4978.866711521567       2.595313614999995
4976.827636569475       2.5770484899999957
4974.298006806392       2.5547544874999915
4971.183563713656       2.5273738374999937
4967.654693652572       2.496203602499989
4965.836313361908       2.480562059999997
4964.038029844389       2.464955447500003
4963.767143392512       2.453242597499994
4962.306668672146       2.4383107824999968
4960.422856941514       2.4221917400000024
4958.068241684656       2.4024613174999985
4955.147652108307       2.378347699999992
4951.517291325776       2.3487814399999962
4947.433893819877       2.315613437499991
4943.229796178079       2.282041517499991
4938.889390779794       2.2480130900000006
4936.689357696432       2.231218949999999
4934.511892626422       2.2144713499999966
4932.236582017158       2.190952324999998
4931.023814817747       2.18230595
4929.8045350392695       2.173937600000002
4929.185928308195       2.169671975
4928.516331460129       2.1656825499999997
4927.584721771564       2.1628962249999972
4925.881953955102       2.1639359999999925
4924.361191373105       2.1638824500000027
4923.2070408102745       2.160352875000001
4922.228832303767       2.1543691499999937
4921.163565623725       2.146701225000001
4919.89687839028       2.1373727000000002
4918.362108622907       2.126088975000002
4916.48705486376       2.1124221500000004
4914.201950911       2.095822124999998
4911.384100903236       2.075607099999999
4907.913501616277       2.050948749999989
4903.614267587797       2.0207900500000022
4898.450232023277       1.9849907499999944
4893.137276261631       1.948807974999994
4887.647761193192       1.9120841000000013
4882.0216384848245       1.8751103249999943
4876.2549030387245       1.837870124999995
4870.371618910388       1.8005239999999958
4864.352063469015       1.7629441750000012
4858.19899702777       1.7252060750000027
4851.899538957966       1.6872463750000009
4845.465436237334       1.64912477499999
4838.89724642682       1.6108497249999942
4832.222241960692       1.5725526499999916
4825.448667349007       1.534218475000003
4818.540349157373       1.4956861000000004
4811.518943494326       1.4570766749999962
4804.3893988008795       1.4184197249999926
4797.151121774764       1.3797097499999893
4789.839928672694       1.341088974999991
4782.460591120175       1.3026050499999968
4775.023353987552       1.2642757249999903
4767.523034102001       1.2260596249999907
4759.990653932457       1.1880961499999927
4752.445005682353       1.1504694500000028
4744.918966869541       1.113297524999993
4737.481204957561       1.07686477499999
4730.125896229539       1.0410908499999891
4722.908154322538       1.0062004249999887
4715.8968795521505       0.9724323749999968
4709.155159271306       0.9400093750000025
4702.746837024068       0.9091374749999943
4696.72140564201       0.8799353999999937
4691.087136489002       0.8523557749999924
4685.637642732036       0.8253830000000022
4680.267760573591       0.7987053749999973
4674.6779862763005       0.7711512500000026
4668.614343556482       0.7417958500000026
4661.886544865535       0.7100020749999914
4654.450329057903       0.6757140499999963
4646.364751194824       0.639259249999995
4637.686631351866       0.6008997999999934
4628.488617091894       0.5609670999999992
4618.894046341948       0.5199511249999915
4609.00097503917       0.47823559999999077
4598.881296751772       0.4360719749999902
4588.612670507229       0.3937308999999942
4578.164569143304       0.35106524999999067
4567.586703185761       0.3082469999999944
4556.875885790831       0.2652444499999973
4546.0384015384925       0.2220691249999902
4535.008443630276       0.17841905000000224
4523.922954661107       0.13485020000000247
4512.76273019383       0.09127114999999719
4501.467303654214       0.047446949999994104
4490.0626420228355       0.0034835999999955902
4478.567250522792       -0.040557200000009175
4466.967574903249       -0.08472692499999823
4455.298432388744       -0.1289050500000002
4443.548247030115       -0.1731321250000093
4431.713739836017       -0.21742190000000505
4419.761148887581       -0.2618794250000036
4407.717988401299       -0.30640812500000436
4395.585175317153       -0.3509929000000085
4383.389873601717       -0.39554214999999715
4371.147886797752       -0.4400059000000027
4358.785525120882       -0.4846335499999981
4346.356045023325       -0.5292394500000057
4333.831281665849       -0.5739077500000036
4321.221219086164       -0.6186076500000013
4308.467288822673       -0.6635547000000059
4295.69264286566       -0.7083098250000006
4282.820768361041       -0.7531309750000048
4269.862599228765       -0.7979751750000048
4256.827974801346       -0.8428022000000084
4243.725652922365       -0.887584474999997
4230.575013005819       -0.9322651500000063
4217.37384176692       -0.976855999999998
4204.103506790362       -1.021414550000003
4190.75044691494       -1.0659915250000012
4177.330144843087       -1.1105335250000081
4163.85310693804       -1.1550327750000093
4150.360298008485       -1.1993843500000025
4136.854058871588       -1.2436119000000048
4123.278789651618       -1.2879076749999996
4109.6865589470435       -1.332126725000009
4096.0344438797065       -1.3764234249999987
4082.301720368516       -1.420879675000009
4068.6037964046136       -1.465138275000001
4054.92755922747       -1.5092618999999985
4041.2061012688273       -1.5534668500000066
4027.4754332994376       -1.5976501749999983
4013.7387379486086       -1.6418078500000064
4000.006527116004       -1.6859190500000096
3986.3414918264607       -1.7298030250000096
3972.649960167474       -1.7737604000000005
3958.9680783853705       -1.8176736000000062
3945.272451812943       -1.8616051500000026
3931.577129001158       -1.9055039500000106
3917.902283101898       -1.949305250000009
3904.285789096447       -1.9928917499999983
3890.632407680523       -2.0365492250000017
3876.9687462060674       -2.080187725000002
3863.262335603248       -2.123911750000005
3849.5556299296245       -2.16757422500001
3835.894905375515       -2.2110318750000033
3822.246573480874       -2.2543926499999998
3808.5836615693934       -2.2977350250000086
3794.9180335104643       -2.341013600000011
3781.258776343355       -2.384206375000005
3767.6252603689486       -2.4272525500000057
3754.03657871545       -2.4701002000000045
3740.435756847126       -2.5129223750000023
3726.855891828761       -2.5556189750000016
3713.278303219923       -2.5982522500000016
3699.721215692599       -2.64077245
3686.2356931570275       -2.6830337250000014
3672.7815659758658       -2.7251862250000016
3659.352108654744       -2.767268125000001
3645.9507680538118       -2.8092896750000023
3632.5792680734085       -2.851258625
3619.299309827568       -2.892990675000007
3606.0836766246066       -2.9345760750000096
3592.945255037384       -2.975981175000001
3579.8777822854377       -3.0172265000000067
3566.903007431701       -3.058251425000009
3554.057092112275       -3.0989474500000114
3541.352843957588       -3.1392813000000075
3528.7305713283413       -3.179428525000006
3516.2188678277635       -3.2192694750000044
3503.804773793698       -3.258822275
3491.508470586657       -3.2979979750000012
3479.3458488620913       -3.336720525000004
3467.274295655013       -3.3751018250000016
3455.285200384218       -3.4131417749999997
3443.354210902225       -3.450895424999999
3431.503135034617       -3.4882655250000028
3419.7771015721037       -3.5250942500000093
3408.1138955662163       -3.561550650000001
3396.545994599031       -3.597510200000002
3385.0555499144443       -3.6330103000000094
3373.6591304894623       -3.6679819750000036
3362.397855428209       -3.702284849999998
3351.270626440275       -3.7359125250000034
3340.3255849352904       -3.768712475000001
3329.7344544257357       -3.800178299999999
3325.1282448345573       -3.8137878
3320.6239811386254       -3.827045124999998
3318.4043193342995       -3.833561224999997
3316.2533369842895       -3.839867400000003
3315.193635709773       -3.8429692250000045
3314.1686130810995       -3.845968600000006
3313.18739179979       -3.8488357500000063
3312.285779004108       -3.8514712750000086
3311.7908353778516       -3.8529151250000098
3311.560547842516       -3.8535885750000034
3311.350862857648       -3.854200150000011
3311.1724504532185       -3.854721249999997
3311.095446359751       -3.8549472250000036
3311.0306423222837       -3.855137650000003
3310.985661442008       -3.8552692749999977
3310.973463342514       -3.8553046250000023
3310.9871862076025       -3.855264875000003
3311.0306423222837       -3.855139600000001
3311.067999789046       -3.8550296250000002
3311.122130743833       -3.8548721500000056
3311.1587268202725       -3.854767625000008
3311.203710051704       -3.8546366500000033
3311.2654676868733       -3.8544558250000023
3311.362299878102       -3.8541739000000064
3311.446935057188       -3.853927600000006
3311.397373653809       -3.8540719249999995
3311.4438851032514       -3.8539368750000023
3311.485822216094       -3.8538133250000044
3311.5384349814867       -3.8536596000000003
3311.6078241096766       -3.8534589750000094
3311.71915475963       -3.8531344750000045
3311.8175253661298       -3.8528466500000036
3311.9456403040426       -3.852474225000009
3312.118755860448       -3.851968725000006
3312.2179010028817       -3.8516801250000015
3312.339167173375       -3.8513263749999993
3312.4047595307957       -3.8511352000000016
3312.4779804407463       -3.8509224499999988
3312.559593153993       -3.8506839750000097
3312.651886588795       -3.8504163500000033
3312.709094554157       -3.850248475000001
3312.7701174728277       -3.8500727500000096
3312.7998665532477       -3.849985799999999
3312.830378708117       -3.8498980749999987
3312.8601283296907       -3.8498116500000066
3312.8738590143707       -3.84977035
3312.8883525766037       -3.849730274999999
3312.8952179703183       -3.849710475000009
3312.8982692609825       -3.8497011500000013
3312.9020833782633       -3.8496920999999986
4579.582635732373       -0.31748017500000003
4619.972601461653       -0.2164743499999986
4643.335881113034       -0.16029015000000868
4658.098844585613       -0.12534250000000213
4669.922787491147       -0.09773762500000771
4681.539585690068       -0.07103450000001033
4692.7573653373       -0.045747550000001524
4700.526441193729       -0.028929924999999912
4706.200222126521       -0.016994175000007772
4710.439172778821       -0.008168650000001776
4713.651823816623       -0.0015366000000085478
4716.738508068127       0.004775574999996479
4719.743532254346       0.010848774999999478
4722.706972996147       0.016758124999995516
4725.649423832176       0.02254642500000159
4728.581731169268       0.028251449999999068
4731.510410673237       0.033894875000001434
4734.41910121903       0.039453074999997284
4737.269585684274       0.04483539999999664
4740.017007994339       0.049925000000001774
4742.707052702758       0.054797874999991336
4745.372400090362       0.05952697499999715
4748.031592443959       0.0641743249999962
4750.698838273343       0.06880122500000141
4753.2964402657235       0.07324717499999167
4755.827567772918       0.07718287499999121
4758.254861589046       0.08081224999999392
4760.635162233229       0.08426547499999515
4763.003492931441       0.08764422499999114
4765.387266332979       0.09103177499999049
4767.629518277611       0.09409995000000038
4769.781666921519       0.09690412499999468
4771.88094721648       0.09952087499999607
4773.954769526539       0.10203322499999956
4776.055886490908       0.10458494999998891
4778.04130720254       0.10688577499999496
4779.9505089390905       0.10896397499999466
4781.80982487254       0.11087659999999744
4783.641225634636       0.11268947499999626
4785.485448681666       0.11451849999998842
4787.238890745554       0.11615309999999113
4788.937840283553       0.11762159999999255
4790.593269566206       0.11896259999998904
4792.220581319312       0.12022122499999455
4793.844030556735       0.1214614749999896
4795.403986749311       0.12256459999998981
4796.976600540537       0.12347169999999608
4798.539785905826       0.1242278249999913
4800.070322838929       0.12492644999998959
4801.584763835511       0.12558949999998958
4803.059868444553       0.12617097499999375
4804.504450338706       0.12666402499999663
4805.925121334347       0.12709825000000308
4807.327394602698       0.12749387499999898
4808.714575537189       0.12786362499998916
4810.089973529373       0.12821554999999307
4811.412586924606       0.12846534999999903
4812.72669861579       0.1286689499999909
4814.0256506120695       0.12884529999999472
4815.313865512007       0.12900982499999714
4816.592443570435       0.12916624999999726
4817.862486282287       0.12931919999999764
4819.08958786664       0.12939657500000123
4820.307012731022       0.1294315250000011
4821.511422801155       0.12944854999999222
4822.709470983259       0.12946349999999995
4823.900041641641       0.12948032499998874
4825.083129091926       0.12950232499999004
4826.255393824251       0.1295165749999967
4827.391262140335       0.12946494999999913
4828.521838740767       0.12939204999999276
4829.641559449142       0.12931267499999421
4830.8349537562135       0.12914477500000032
4832.027530332941       0.12897479999999462
4833.211498205368       0.12881887499999323
4834.389077219657       0.12867450000000247
4835.526859813475       0.12847287499999993
4836.654887047692       0.12823924999999292
4837.772038032459       0.1279998250000034
4838.88164769023       0.12776542499999266
4839.987054057395       0.12754354999999862
4841.084910033133       0.1273326499999996
4842.17855522261       0.12713637499999209
4843.264641049937       0.12695247499999596
4844.314160672754       0.1267208499999981
4845.349403823235       0.12645274999999856
4846.370361252094       0.12617554999999925
4847.3826045886335       0.1258999249999988
4848.38612828315       0.12563092499999584
4849.380926832963       0.12537014999999485
4850.365877944352       0.12511729999999943
4851.343209660122       0.12487369999999487
4852.308448150828       0.12463507500000048
4853.226943595812       0.1243289749999974
4854.131082716594       0.12398979999998971
4855.018621606105       0.12363777499999173
4855.894023539282       0.1232832999999971
4856.756163583265       0.12292749999998875
4857.60056060118       0.12256415000000231
4858.420493125335       0.12218134999999108
4859.2204242239       0.12178000000000111
4859.593024499946       0.12153929999999491
4859.981320050121       0.12132332499999166
4860.3696466262345       0.121115599999996
4860.743454250944       0.12088584999999341
4861.102739569641       0.12063474999999357
4861.52809608108       0.12032544999999573
4862.0251387344415       0.11994104999999422
4862.678983928857       0.11940299999999127
4863.421383936232       0.11877594999999985
4864.137016999282       0.11813132499999313
4864.8348326179985       0.11747792499998866
4865.512582442357       0.11681794999999795
4866.168017104708       0.11614619999998865
4866.800006939554       0.11546214999999904
4867.091377411048       0.11509610000000237
4867.391731385253       0.11473957500000154
4867.6775331586105       0.11436514999999758
4867.948780165581       0.11397017499999151
4868.208832809561       0.11356044999999426
4868.510376759078       0.11305732499999976
4868.854540817454       0.11243629999999882
4869.243576389593       0.11166587499999991
4869.665160111611       0.11073524999999051
4870.048653600634       0.10976497499999027
4870.396290752069       0.1087552249999959
4870.705820839825       0.10770502500000134
4870.973871844728       0.10660874999999237
4871.2026801878055       0.1054672749999952
4871.388875300269       0.1042780749999963
4871.52011348071       0.10301902499999471
4871.577320973537       0.10164512499999034
4871.572834087078       0.10017367499999352
4871.508896404034       0.09861945000000105
4871.388875300269       0.0969952749999976
4871.211653283011       0.09530319999998937
4870.97947976387       0.09354629999999986
4870.687876529494       0.09171899999999766
4870.337975691327       0.08982054999999889
4869.928668473392       0.0878489999999914
4869.4599698578995       0.08580227499999182
4868.929654774492       0.083678699999993
4868.3399853177225       0.0814770249999981
4867.688741413241       0.07919359999999642
4866.974827129218       0.0768235500000003
4866.190426688178       0.07435337500000117
4865.332213352119       0.07176802499999724
4864.410306857352       0.06909097499999461
4863.430342697747       0.06632574999999008
4862.393475641299       0.06347427499999014
4861.316532532484       0.06056307499999036
4860.183872692731       0.057563825000002566
4858.993297531371       0.05445704999999634
4857.747086817231       0.05124942499999463
4856.4519929424       0.047954974999996125
4855.116998625632       0.04458875000000262
4853.736548890485       0.041143449999992754
4852.315151867317       0.03762507499999401
4850.855077663901       0.0340410249999934
4849.354128237653       0.0303871499999957
4847.806760559975       0.026646349999992935
4846.2163670126865       0.02282950000000028
4844.582990269962       0.018933750000002192
4842.90444390913       0.01495542499999658
4841.189693060613       0.010914700000000721
4839.454377130537       0.006843050000000517
4837.696290829378       0.0027409249999976737
4835.926594547947       -0.0013714500000077123
4834.145301496417       -0.005494675000008442
4832.350199588179       -0.009634349999998904
4830.536855604851       -0.013775774999999157
4828.700843185491       -0.01802080000000217
4826.329850585542       -0.023436750000001894
4823.304719577823       -0.030322050000009426
4819.438026287533       -0.039101325000004294
4814.409196638347       -0.05048650000000521
4807.712620994358       -0.06559755000000678
4799.127631166617       -0.08490227500000458
4790.431120305295       -0.10443102500001089
4781.3529099568195       -0.12475270000000194
4772.438054194563       -0.14499752500000795
4763.510205485699       -0.16554625000000556
4753.910487105034       -0.18756520000000876
4744.537679459061       -0.20905860000000587
4734.845365258544       -0.23127202500000976
4724.957429551975       -0.25392432499999984
4714.7731324378165       -0.277235900000008
4704.310728757201       -0.30116795000000707
4693.563522870629       -0.32573290000000554
4682.390176806248       -0.3512307000000021
4670.964859226948       -0.37728119999999876
4659.213374904702       -0.4040480250000087
4647.039885068209       -0.4317417750000061
4634.651679496062       -0.45992012500001067
4622.295434416968       -0.4882608750000088
4610.273603475634       -0.5162720000000007
4598.231158737867       -0.544356350000001
4586.465172243846       -0.5718658500000089
4574.815669823424       -0.5991791000000006
4563.249343598523       -0.6263476000000026
4551.821260695542       -0.6532621000000063
4540.560847725509       -0.6798655500000024
4529.4284121349465       -0.7061985250000049
4518.430431432566       -0.7322890749999971
4507.574361354551       -0.7580896750000079
4496.851023155907       -0.7836490250000026
4486.26682403096       -0.8089761250000009
4475.843574117162       -0.8340025250000025
4465.583351300207       -0.8587607750000075
4455.448211981183       -0.8833079999999995
4445.61859157036       -0.9072036499999996
4436.056817460358       -0.9305136500000089
4426.54414800295       -0.9539005000000031
4416.781346810031       -0.9781988000000013
4406.869601476133       -1.0030264749999986
4396.913278524126       -1.0280524249999985
4386.9269226953575       -1.0532151999999968
4376.902778509908       -1.0785339500000077
4366.851264008334       -1.103976700000004
4356.776685961667       -1.129532249999997
4346.691321084561       -1.1551732249999986
4336.598347691107       -1.1808767250000045
4326.490953882835       -1.206664900000007
4316.361398899765       -1.2325428000000045
4306.203999712716       -1.2585221500000046
4295.971583700969       -1.284715200000008
4285.674667893888       -1.3111025250000097
4275.354194858639       -1.3375800750000053
4264.992776974886       -1.3641831500000023
4254.608466621282       -1.3908717000000053
4244.256280684866       -1.4175067750000068
4233.953655903604       -1.4440315000000084
4223.73633774398       -1.470359650000006
4213.664953155657       -1.496340525000008
4203.796652287218       -1.5218295500000067
4194.191927192808       -1.546679949999998
4184.983981296085       -1.5705482000000046
4176.296267057261       -1.593123300000002
4168.349253020703       -1.6138432249999966
4161.641828972762       -1.6314276500000062
4156.56905468889       -1.6448677750000087
4154.394168780491       -1.6509153749999967
4156.245572413655       -1.6466286250000053
4161.13494377265       -1.6344884000000093
4167.287851716732       -1.6190311000000008
4174.100486712268       -1.6018317999999994
4181.5067289956705       -1.583088950000004
4189.114201135327       -1.563790350000005
4196.766436456598       -1.544347049999999
4204.380372660053       -1.5249814000000015
4211.855858551981       -1.5059462749999994
4219.076499509963       -1.4876238000000086
4226.048724779637       -1.4700831250000022
4232.746896935876       -1.453221450000001
4239.1267287342735       -1.4371653250000094
4245.2160743461345       -1.4218426250000107
4251.066512267462       -1.407134725000006
4256.7093757789935       -1.3929490000000015
4262.162463825535       -1.3792370000000034
4267.39653260133       -1.3660796249999976
4272.392067052443       -1.3535116999999985
4277.121623932213       -1.341609175000002
4281.558674774244       -1.3304408500000022
4285.699338291408       -1.3200172500000065
4289.564475537741       -1.3102866750000004
4293.078206075712       -1.3014371750000038
4296.274284672798       -1.2933819500000112
4299.118340783732       -1.286309750000001
4301.850366270296       -1.279618350000007
4303.882438791434       -1.2746558250000106
4305.55359852077       -1.270601775000003
4306.935818494143       -1.2672423750000092
4307.857214347701       -1.265033850000009
4308.344274983174       -1.2638682250000102
4308.298641710051       -1.2640243250000083
4307.737193605243       -1.2654474500000106
4306.564935439646       -1.2683748500000007
4304.791286831877       -1.2727736249999992
4302.308019007768       -1.2789291750000018
4299.169816338083       -1.2867013000000043
4295.354377218527       -1.2961429500000037
4290.8417730466645       -1.3073397250000056
4285.805916040608       -1.3198294000000033
4280.208252298068       -1.3337366250000002
4274.130715156108       -1.348860600000009
4267.641208102104       -1.365033100000005
4260.735748267197       -1.3822640500000034
4253.496698027697       -1.4003498000000008
4245.995211044558       -1.4191317000000083
4238.24150300857       -1.4385701500000039
4230.241875066609       -1.4586616750000019
4222.005551264019       -1.4793548250000015
4213.598007664924       -1.5005095500000039
4205.083267912378       -1.5219656750000041
4196.460117480961       -1.5437268250000074
4187.698438173807       -1.565859400000008
4178.839584947642       -1.5883802500000002
4169.842005957881       -1.611278100000007
4160.741168209987       -1.6344755000000077
4151.717551085827       -1.6575203250000072
4142.549437255115       -1.6809594250000117
4133.459626307895       -1.7042640250000005
4124.256808251902       -1.727885850000007
4114.956039876108       -1.75180060000001
4105.599672012626       -1.77590677500001
4096.266464560015       -1.7999977500000028
4087.024112909663       -1.8239102499999973
4077.793225177953       -1.8478440000000091
4068.558828782153       -1.87184065000001
4059.1836445329973       -1.8962375250000036
4049.9018672701477       -1.9204525500000074
4040.548275695401       -1.9448978249999982
4031.287760749361       -1.969156550000008
4022.177201410167       -1.9930793500000021
4012.995751935622       -2.017238375000005
4001.694220163288       -2.0470420000000047
3987.6460255741026       -2.0841992499999975
3970.529252568805       -2.1296463500000016
3949.560765504242       -2.185568349999997
3922.9330826305327       -2.256926149999998
3889.333640238755       -2.347613449999997
3852.4765158410373       -2.447559124999998
3815.7006849374275       -2.5477581749999985
3778.7477361511224       -2.6489077000000094
3741.8846887765712       -2.7503343750000084
3704.894964169149       -2.8527112750000043
3667.383274436299       -2.9574159250000065
3629.799195079542       -3.063710999999998
3592.448905593727       -3.171083700000011
3555.675342097644       -3.2786906999999985
3519.9435607691676       -3.385272025000006
3485.8685010395297       -3.4885897500000027
3453.2601739617917       -3.5886510750000014
3422.4483288409933       -3.68395455000001
3393.2925217919874       -3.7745918749999987
3365.0451834600117       -3.8626183249999997
3337.509418809782       -3.948508600000011
3310.8469107120113       -4.031800650000008
3285.206700937211       -4.1123283000000015
3261.14192705095       -4.189059749999998
3238.6178111431814       -4.263137325000002
3218.318339021654       -4.333984550000011
3200.4415497161212       -4.403259849999998
3187.091264748625       -4.467954050000003
3178.9968677004913       -4.530439549999997
3178.2027565795943       -4.588751525000006
3186.2298355527705       -4.6416889999999995
3203.5801940595843       -4.690526300000002
3230.654386981942       -4.734299350000001
3267.870215048083       -4.769938400000001
3315.1402015322838       -4.802795025000009
3375.0335938733874       -4.83058595
3451.818881397966       -4.852964249999999
3558.815717820658       -4.872996100000009
3720.309746600763       -4.891055125000008
3809.814233519906       -4.901495324999999
3925.550783046174       -4.904936075000009
4006.5226290315577       -4.9292563750000085
3963.0303655484436       -4.917788025000007
4006.928565403012       -4.93966647500001
4058.5920468708455       -4.963979699999996
4117.928484360439       -4.986735975000002
4187.006161603471       -5.008053150000009
4292.96156256136       -5.03095900000001
4461.558583900856       -5.05798415000001
4729.9146055116635       -5.083844725000006
4883.686754505461       -5.091320725000003
5113.637050975621       -5.098024625000008
5321.032358698691       -5.100949450000002
5488.389186576116       -5.1022334250000085
5760.741663159237       -5.1032011750000095
5997.242361925091       -5.1034259750000075
6165.279927147949       -5.103402750000001
6408.128324093823       -5.103292500000009
6605.122856759838       -5.103201249999998
6837.918181818296       -5.103158050000005
7008.359963931981       -5.1030978499999975
7228.267228162497       -5.10298142500001
7401.575951085954       -5.102974674999999
7307.008288916142       -5.102973325000008
7343.856802683345       -5.10300607500001
7316.053960311635       -5.102982275000002
7320.62060672811       -5.102983850000001
7322.911743402728       -5.102984500000005
7321.771986095916       -5.102984000000006
