61806.834311142346       -10.481921299999996
61895.7742688967       -10.500042750000006
61891.66982072025       -10.499536500000005
61891.826582838774       -10.499552075000011
61891.983345354354       -10.499567850000005
61892.09735470588       -10.499580250000008
61892.19711306083       -10.499592575000008
61892.32537403911       -10.499607175000008
61892.482137817926       -10.49962475000001
61892.65315330238       -10.499645125
61892.85267196461       -10.499667800000012
61893.080694080534       -10.499692300000007
61893.30871703652       -10.499718174999998
61893.5652438661       -10.499745700000005
61893.82177175902       -10.4997738
61894.09255235493       -10.499802025000008
61894.37758584099       -10.499830125000003
61894.66262063956       -10.499858025000009
61894.96190859095       -10.499885550000002
61895.27544990167       -10.499912550000005
61895.60324478829       -10.499938874999998
61895.945293477525       -10.499964250000005
61896.315848357226       -10.4999885
61896.71490993934       -10.500011400000005
61897.14247877521       -10.5000328
61897.5985554557       -10.500052574999998
61898.08314061079       -10.500070700000009
61898.6104875903       -10.500087074999996
61899.15209186735       -10.500101650000005
61899.70795381612       -10.500114300000007
61900.24956769585       -10.500124800000009
61900.77693313245       -10.500133125000005
61901.24728987988       -10.500139450000006
61901.61787650125       -10.500144375000005
61901.860184337886       -10.500149175000004
61901.9314515291       -10.500155825000007
61901.78891722859       -10.500167075000007
61901.41832958338       -10.500186150000005
61900.77693313245       -10.50021657500001
61899.850483325026       -10.500261774999998
61898.624740273626       -10.50032477500001
61897.0712170975       -10.50040807500001
61895.132930927146       -10.500514074999998
61892.79566656699       -10.500645250000005
61889.973965002195       -10.500804850000009
61886.61089279705       -10.500997100000006
61882.64954216703       -10.501227624999999
61877.990292407674       -10.501503475000007
61872.54782105478       -10.501833350000013
61866.2511086444       -10.502227775000009
61858.986467517156       -10.502699425000003
61850.64030561552       -10.503263525000008
61841.04218759805       -10.503938349999999
61830.05032756419       -10.504745925000009
61817.45195897973       -10.505712625000001
61802.96345088725       -10.506870300000003
61786.301596486155       -10.508257275000005
61767.05570481098       -10.509919975000003
61744.759022322665       -10.511914775000008
61718.775346855975       -10.514310449999996
61688.3423052602       -10.517191225000005
61652.44437045963       -10.520660375000006
61609.78595951741       -10.524844450000003
61558.595137542216       -10.529898075000006
61496.542604056034       -10.536009575000008
61420.3801358358       -10.543407200000004
61325.62739877167       -10.552366925000001
61205.81707770485       -10.563222550000006
61054.06714880974       -10.576170625000003
60893.060170623285       -10.588997450000008
60722.256219502575       -10.60168237500001
60542.1723387173       -10.614126800000008
60352.42152292537       -10.626337000000007
60152.89034262963       -10.638311250000001
59943.27956435444       -10.650071175000008
59723.9330566487       -10.66159180000001
59495.00426588114       -10.672867425000007
59256.48687562925       -10.683905675000005
59008.489811678395       -10.694709425
58751.09968360836       -10.705282875000009
58484.05811594661       -10.715651725
58207.81539114918       -10.725805625000007
57922.43355035359       -10.735750850000002
57627.48946447705       -10.745520874999997
57324.02807091151       -10.75507957500001
57011.149808277165       -10.7644777
56690.34500239826       -10.773663325000001
56361.18297267363       -10.782661750000003
56023.19848471259       -10.791507150000001
55677.970940899344       -10.800147550000005
55324.436605643474       -10.808633624999999
54963.12283189274       -10.816960524999999
54595.2048660197       -10.825093225000003
54219.29921249101       -10.833090425000009
53836.324229214224       -10.840937199999999
53447.451271375096       -10.848597525000002
53052.45675171373       -10.856083675000008
52648.75430190884       -10.863502249999996
52240.78568876915       -10.87072705
51827.37346593912       -10.877785150000008
51408.68558655371       -10.884683475000003
50982.23846309321       -10.891519650000006
50552.85643909631       -10.898169199999998
50119.18497535419       -10.90465995000001
49681.58010844979       -10.910995275000005
49240.3464589322       -10.917180325000004
48791.93030517429       -10.923341050000005
48342.31011194222       -10.929345725000005
47890.260565911136       -10.935211925000004
47435.98248127203       -10.940946675000006
46979.82557373328       -10.946555775000007
46522.10958938427       -10.952045425000009
46060.01764490757       -10.957522975000003
45604.5001514269       -10.962813400000002
45156.15966849024       -10.967922200000004
44717.15860134641       -10.972845875000004
44289.68586907311       -10.977583525
43871.14810387935       -10.982269250000002
43470.17614559361       -10.986783125000002
43089.980742868574       -10.99108505000001
42732.76554005768       -10.995186275000009
42402.728191663926       -10.999083850000005
42104.97365955727       -11.002772000000007
41845.49407554961       -11.006242525000005
41631.26428297771       -11.009484725000007
41470.626850036206       -11.012478075000004
41368.321503750805       -11.015269575000005
41332.57857211212       -11.01768835
41357.04495783946       -11.019676050000001
41429.62478038019       -11.021317475000004
41539.57989098462       -11.022680600000001
41677.31189009015       -11.023820825000001
41834.62688982062       -11.024781750000002
42004.36271185916       -11.025597950000005
42180.2160601296       -11.026296950000003
42349.70602736617       -11.026921125000001
42516.45048575666       -11.027538475
42682.91779069735       -11.028169000000005
42849.78034498041       -11.028813125
43016.03729465261       -11.029470325000005
43181.48763199409       -11.030142400000003
43346.04724360471       -11.030831800000001
43509.97161819316       -11.031539899999999
43672.98736507846       -11.032268075000005
43834.514421160035       -11.03301965
43995.149721281894       -11.033795775000002
44155.448461143096       -11.034594825
44315.58635700795       -11.035413625000004
44475.39357864764       -11.03624825
44635.36597513608       -11.037099900000001
44795.63527778981       -11.03796835
44954.62714861726       -11.038842125000002
45107.919841063085       -11.039691500000004
45252.80456592144       -11.040496725000011
45390.16902687424       -11.041248075000013
45516.74529679646       -11.041900600000005
45635.467090256236       -11.042502275000004
45749.368113045086       -11.043078824999995
45859.8046051978       -11.043638400000006
45966.84538614092       -11.044181025
46071.02768862059       -11.044709225000005
46171.95885753919       -11.04522042500001
46269.46735328586       -11.04571390000001
46362.87936791107       -11.04618677500001
46452.06231832753       -11.046642050000003
46536.65891154473       -11.047082425
46616.27853233124       -11.047509875000003
46690.271572673875       -11.047923300000008
46757.41575024451       -11.048317400000002
46815.19104412672       -11.048680075000007
46861.47993978312       -11.049007775000007
46895.146831548496       -11.049309875000006
46914.43603733212       -11.049596050000005
46917.88214483909       -11.049880575000003
46902.17686072839       -11.050180275000002
46865.05165013561       -11.050527125000002
46804.67134043368       -11.050947125000008
46719.64132918218       -11.051454375000006
46607.6278964728       -11.052045150000012
46458.779881090944       -11.052687150000011
46261.47758926328       -11.053367975
46036.03377310191       -11.05423295
45787.486117810455       -11.055295075000004
45517.00731299859       -11.056523350000006
45230.54283827359       -11.05790395000001
44932.2431091636       -11.059411574999999
44623.31189284103       -11.061000700000008
44305.66913913253       -11.062634650000007
43981.09117041298       -11.064292850000001
43650.15598426532       -11.065958375000008
43312.90371622322       -11.067615375000003
42970.8950706661       -11.069259975000008
42622.29199491915       -11.070909400000005
42268.04878438715       -11.07258370000001
41909.04842711115       -11.074282499999995
41546.86893983102       -11.075996175
41182.33812239191       -11.077712550000001
40816.127697190816       -11.07942045
40448.82404173707       -11.081111325000009
40079.49123462735       -11.082771725
39708.87654017017       -11.084397300000006
39337.4224724894       -11.085989475000005
38965.40548593386       -11.087549500000009
38593.06758417001       -11.089078049999998
38220.64396129287       -11.090575900000005
37848.3629706323       -11.092044375
37476.48925303933       -11.093485275000006
37105.30450662692       -11.094900675000005
36735.114682808584       -11.096292575000007
36366.21483375879       -11.097662499999998
35998.89747553782       -11.099011274999995
35633.18970812268       -11.100340575000004
35268.43591517121       -11.101657825000004
34905.43864415287       -11.102972500000007
34544.27640512444       -11.104285450000006
34185.001240841       -11.105591650000008
33827.5621011534       -11.106884425000004
33471.87184076741       -11.108158625000002
33117.893102421636       -11.109411800000004
32765.61319415855       -11.110643750000008
32415.132413165884       -11.111855750000004
32066.64323709972       -11.11304985000001
31720.38135957315       -11.114228050000008
31376.56523370348       -11.115390775000009
31035.360898684427       -11.116537925000003
30696.877422499474       -11.117668125000009
30361.09984300495       -11.118776350000005
30027.9027038906       -11.119854625000002
29696.994599904356       -11.120895625000003
29367.995165279794       -11.121894975000004
29040.447208538873       -11.122853950000007
28713.98703810168       -11.123779575
28385.908596967198       -11.1246656
28056.674906360095       -11.125522625000002
27728.01625714209       -11.126382825000007
27399.56071339325       -11.127262875
27071.766781212074       -11.128164850000005
26745.06760359451       -11.129075825000001
26419.542938928655       -11.12997427500001
26094.783619857124       -11.130842475000009
25770.271853709524       -11.13167162500001
25445.67055085497       -11.132464825
25120.888737957674       -11.133231250000009
24796.38666797427       -11.133982500000002
24472.914898548715       -11.134728350000003
24151.594034718728       -11.135457125000002
23832.99928712776       -11.136140025000003
23513.847649616746       -11.136786999999998
23194.974531934033       -11.137434350000007
22877.433414673043       -11.138092450000002
22562.43665753394       -11.138756775000004
22251.597727207634       -11.139413650000009
21946.132655185913       -11.140040650000003
21646.595412293067       -11.140614900000003
21352.793496244343       -11.141131975000008
21061.11696333688       -11.141599625000012
20773.59689398927       -11.142054825000002
20491.162622839707       -11.142511125000013
20214.104196325723       -11.142953500000004
19943.937292770443       -11.143360325000003
19680.41716883773       -11.1437198
19423.86272051923       -11.144031100000007
19173.879779005496       -11.14430320000001
18927.175103904934       -11.144596225
18682.78431151775       -11.144971550000008
18447.3972478503       -11.145364749999999
18220.613673563756       -11.145737275000002
17997.218941073847       -11.146073850000008
17781.778658746578       -11.146389850000006
17657.54818279516       -11.146572050000003
17537.524873604096       -11.146718450000009
17421.470104423046       -11.14686325000001
17308.112126116877       -11.147007549999998
17197.408205625106       -11.147154125
17110.507855923093       -11.147272375
17041.342301237863       -11.147360599999999
16987.43077644868       -11.147440125000003
16929.459781206482       -11.147522300000006
16870.750393990285       -11.147605750000011
16812.751733985275       -11.147689325000002
16755.29968406092       -11.147773125
16698.243891889088       -11.147857174999999
16641.51650253641       -11.147941450000005
16585.081117822436       -11.148025675
16528.890401832065       -11.148109300000002
16472.98488740053       -11.148192175000005
16417.34406616717       -11.148274200000003
16361.936392642348       -11.148355225000003
16306.80207681404       -11.148435125000006
16251.924645980123       -11.148513750000006
16197.291567585824       -11.148590925000008
16142.897901291195       -11.14866635
16088.749877137272       -11.148739849999998
16034.646872575426       -11.148810725000004
15980.784680056473       -11.148879475000001
15927.18043129361       -11.14894587500001
15873.796192728261       -11.1490096
15820.139181893821       -11.149078150000008
15765.883025360868       -11.149165699999998
15712.35923777894       -11.149266475000005
15659.45705080919       -11.149372525000004
15606.905473977095       -11.149479975000006
15554.583978535227       -11.14958737500001
15502.452166989939       -11.149694199999999
15450.658728133263       -11.149800325000001
15398.86813478698       -11.149905500000003
15347.304151079401       -11.150009025000003
15295.965662599596       -11.150110600000005
15244.848050742741       -11.150210025000007
15193.957245417843       -11.150307150000003
15143.271193923747       -11.150401875
15092.806356411631       -11.150494074999997
15042.530474600982       -11.15058362500001
14992.328860266904       -11.150670349999999
14942.360155735243       -11.150754800000001
14892.746598266323       -11.150837425000006
14843.195240635607       -11.150917925000002
14793.89391123839       -11.150995975
14744.82423733413       -11.151071525000006
14695.961312237785       -11.15114460000001
14647.294040763514       -11.151215225000001
14598.808105227481       -11.151283250000006
14550.499421239147       -11.151348550000009
14502.333898311059       -11.151410825
14454.480913900486       -11.1514703
14406.560255156443       -11.151526750000002
14358.828222988559       -11.151579850000005
14311.26422317544       -11.151629575000001
14263.838074140689       -11.151675824999998
14216.565817303024       -11.151718799999998
14169.446964376832       -11.151758600000008
14122.477776767977       -11.151795375000006
14075.657801551126       -11.151829475
14028.986587096702       -11.151861350000004
13982.35099817774       -11.151891300000003
13935.873645571659       -11.151920275000009
13889.582765654535       -11.15194885000001
13843.321335729905       -11.151979949999998
13795.84479960771       -11.152036675000005
13749.471337117879       -11.152110300000004
13703.960558116625       -11.152189125000007
13658.858313059816       -11.152268200000009
13613.986010650435       -11.152345825000012
13569.392350478987       -11.152421799999999
13524.832648331867       -11.152496
13480.453416917137       -11.152568250000002
13436.253839610761       -11.1526384
13392.214601789201       -11.152706199999997
13348.322782413674       -11.152771450000003
13304.565624189756       -11.152833900000005
13260.942746038212       -11.152893375000005
13217.456811282784       -11.152949649999996
13174.101343939044       -11.153002525000005
13130.909254282176       -11.153052075000005
13087.819595886423       -11.153098525000004
13044.877345493593       -11.153142025000008
13002.067010767578       -11.153182825000002
12959.39716986997       -11.153221375000001
12916.879258611829       -11.153258274999999
12874.509735875678       -11.153294099999997
12832.285101739553       -11.153329325000001
12790.210732292899       -11.15336437500001
12748.288992874226       -11.1533996
12706.519286846591       -11.153435200000004
12664.906852456363       -11.1534714
12623.45976070743       -11.15350822500001
12582.180177095432       -11.153545574999995
12541.067345089416       -11.153583225000006
12500.120511896332       -11.153620924999998
12459.313108648788       -11.153658250000007
12418.701832749308       -11.15369475
12378.220079584831       -11.153729925000007
12337.884490962515       -11.153763025000003
12297.680339630755       -11.153793425000003
12257.643888782502       -11.153820600000003
12217.712461886622       -11.153843899999998
12177.902706424065       -11.153862799999999
12138.214280854614       -11.1538769
12098.641272868426       -11.153886125
12059.183397152785       -11.153890900000007
12019.840368928184       -11.15389175
11980.609145310573       -11.153889300000003
11941.4784710937       -11.153884350000013
11902.459160340262       -11.15387785
11862.91722314503       -11.153880275000006
11823.04384114811       -11.153902549999998
11784.031642381824       -11.153937225000007
11745.616045213512       -11.153976624999999
11707.508991571578       -11.154017675000006
11669.60349456141       -11.154059400000008
11631.863577777098       -11.154101475000004
11594.269740327522       -11.154143599999998
11556.84530405975       -11.154185550000008
11519.557582693562       -11.154227024999997
11482.427183652972       -11.154267700000005
11445.421735933212       -11.154307125000003
11408.577579663786       -11.154344774999998
11371.8520290589       -11.154379950000006
11335.265582624646       -11.154412100000002
11298.781235224958       -11.154440800000003
11262.406538677775       -11.1544655
11226.146359981783       -11.15448585
11189.982310974494       -11.154501574999998
11153.903941871185       -11.1545129
11117.913735474263       -11.15452052500001
11082.016692786741       -11.154525175000003
11046.222835488594       -11.154527600000009
11010.539518394746       -11.154528650000003
10974.973998473413       -11.154529175000008
10939.53343563124       -11.154529975000003
10904.219871965392       -11.154531700000007
10869.037821708243       -11.154534975000004
10833.996725781306       -11.15454025000001
10799.103412289103       -11.154547950000008
10764.362137832462       -11.154558250000008
10729.777098965842       -11.154571224999998
10695.345044796204       -11.154586750000007
10661.065215263525       -11.154604599999999
10626.936854530059       -11.154624400000003
10592.961650074283       -11.15464575
10559.136399730234       -11.154668000000001
10525.453089550814       -11.154690424999998
10491.908634081596       -11.154712200000006
10458.492757660884       -11.154732475000003
10425.183308091178       -11.154750375000006
10392.020624802019       -11.154765400000002
10358.946735902777       -11.1547767
10325.959087601992       -11.154783899999998
10293.031455935467       -11.15478692500001
10260.20409958136       -11.154786450000003
10227.443759484082       -11.154782949999998
10194.766894674744       -11.154777050000007
10162.182733377975       -11.154769400000006
10129.693386653731       -11.154760750000008
10097.31256106699       -11.154751775000008
10065.044515063448       -11.154743050000008
10032.893449204808       -11.154735174999999
10000.861203906261       -11.154728675000001
9968.956478455717       -11.154724075000004
9937.180992798088       -11.154721750000007
9905.536440504424       -11.154721875000007
9874.024489054851       -11.154724575000003
9841.955566677518       -11.154735000000002
9810.146658733778       -11.154757150000009
9778.834588774607       -11.154785974999996
9747.869355978886       -11.154817250000008
9717.118523007362       -11.154848850000008
9686.515996385046       -11.154879524999998
9656.040974924359       -11.154908300000002
9625.64853345502       -11.154934425000008
9595.37384649981       -11.154957449999998
9565.141520724153       -11.154976900000008
9534.973711335648       -11.154992500000006
9504.85727759132       -11.155004325000007
9474.783607561702       -11.155012975000005
9444.759422007193       -11.155019050000007
9414.793525358986       -11.155023150000005
9384.898932612876       -11.155025949999995
9355.084184902134       -11.155028075000004
9325.355566252058       -11.155030199999999
9295.72355972764       -11.15503277500001
9266.198512811461       -11.155036325000012
9236.784258022935       -11.155041300000008
9207.486695777949       -11.15504807500001
9178.313761305319       -11.155057
9149.27539202121       -11.155068225000008
9120.368795114437       -11.155081725000002
9091.597488563706       -11.155097499999997
9062.95242048273       -11.1551154
9033.754831526383       -11.155145375000004
9005.074289793401       -11.155184425000002
8976.772108972977       -11.155227100000005
8948.674267220442       -11.155271250000013
8920.711616897986       -11.155315675000011
8892.875249201996       -11.155359575000006
8865.127783937709       -11.155402100000003
8837.536082989414       -11.155443000000005
8809.953172197804       -11.15548145000001
8782.450283965325       -11.155516925
8754.998983587382       -11.155549350000001
8727.58927637575       -11.155579000000003
8700.221309375234       -11.155606200000008
8672.895228536607       -11.155631350000007
8645.615160169045       -11.155654900000002
8618.38914823217       -11.155677400000002
8591.227113798697       -11.15569917500001
8564.13688047006       -11.155720549999998
8537.122240519897       -11.155741875000004
8510.18497714474       -11.15576345000001
8483.336615894077       -11.155785475000002
8456.584640404444       -11.1558079
8429.934496114418       -11.155830625000007
8403.383816879867       -11.155853399999998
8376.9225474721       -11.15587595000001
8350.556138207858       -11.1558979
8324.26696715823       -11.155918625000012
8298.102595005843       -11.155938075000009
8271.949987535772       -11.155955450000008
8245.857019415576       -11.155970100000005
8219.327778147359       -11.155987350000004
8191.991631877364       -11.156023575000006
8165.511597985294       -11.156069275000007
8139.5088554616095       -11.156115525000004
8113.667383364062       -11.156159549999998
8087.891192508846       -11.156200675000008
8062.141198165369       -11.156238950000002
8036.40656939805       -11.156274699999997
8010.682149536091       -11.156308275
7984.96285135538       -11.156340125
7959.250987751529       -11.156370725000002
7933.559806849093       -11.156400450000007
7907.893285217132       -11.156429575000004
7882.246275836288       -11.156458375
7856.619128133052       -11.156487124999998
7831.006780450123       -11.156516050000008
7805.415023802198       -11.156545250000008
7779.8388285882875       -11.156574599999999
7754.28751810528       -11.156603700000005
7728.81122761683       -11.156632850000008
7703.273189699473       -11.15666130000001
7677.708160379797       -11.156688799999998
7652.085254400793       -11.156714950000008
7626.365230170469       -11.156739424999998
7600.498891388368       -11.15676185000001
7574.434249270736       -11.156781750000007
7548.109642096454       -11.156798600000002
7521.441811483246       -11.156811850000011
7494.343587763657       -11.156821125000008
7466.739501653047       -11.156826124999995
7438.507410392326       -11.156826774999999
7409.493135172228       -11.156823025000008
7379.511264281845       -11.156815225000003
7348.332513675368       -11.156803824999997
7315.691783785629       -11.156789500000002
7281.351555466457       -11.156772924999999
7244.975146737863       -11.156754275000011
7206.189856605928       -11.15673442500001
7164.63384015287       -11.156716025000009
7120.214874279027       -11.156700275000006
7073.0332551239       -11.156687474999998
7023.217206239203       -11.156677725000009
6971.48022813085       -11.156670500000004
6918.596455074129       -11.156664050000003
6865.163740166896       -11.156657050000007
6811.462970718801       -11.156647050000004
6757.709213448135       -11.156632850000008
6704.4259749859575       -11.156613550000003
6651.783415644342       -11.15658842500001
6599.748713135247       -11.156556875000007
6548.271838695946       -11.156518425000002
6497.751527395496       -11.156472825000009
6448.081231837867       -11.156420000000011
6399.235602375482       -11.156359774999999
6351.222098103195       -11.156291975000002
6303.80397879474       -11.156213525000013
6257.288800814571       -11.156128325000012
6211.830546059403       -11.156036850000007
6167.770422758769       -11.155939525000008
6125.1749820448285       -11.155836475000001
6083.897660307002       -11.155727625000011
6043.752902553358       -11.155612775000009
6004.6030152343565       -11.155491600000005
5966.3990930458485       -11.155363925000003
5929.15631306038       -11.155229575000007
5892.8963178684835       -11.155088399999997
5857.591751819493       -11.154940324999998
5823.147621985283       -11.154785175
5789.481893223832       -11.15462272500001
5756.603269340615       -11.15445305
5724.499213000638       -11.154276074999999
5693.090662386971       -11.154091350000002
5662.326396251514       -11.153898325
5632.180958862713       -11.15369650000001
5602.628162608965       -11.153485400000008
5573.6244158051595       -11.153264525000012
5545.114267100015       -11.153033300000004
5517.054828519498       -11.152791175000004
5489.271353787531       -11.152536325
5461.190172062648       -11.152266699999998
5433.582931727071       -11.152008649999999
5406.687890846441       -11.151759325
5380.414073496892       -11.15151035000001
5354.666164294891       -11.151255675000002
5329.375241409457       -11.150991600000012
5304.504229165291       -11.150715849999997
5280.1030670667205       -11.1504281
5256.194167610229       -11.150127675000007
5232.66341319663       -11.149805075000003
5209.465905024934       -11.149463025000003
5186.623219943735       -11.14910362500001
5164.131587319401       -11.148724125000001
5141.970728235965       -11.148320375000011
5120.146648687654       -11.147894950000008
5098.689909651928       -11.147449075000011
5077.61887840243       -11.146982275
5056.953963428955       -11.146493225
5036.710625242966       -11.145980100000003
5016.886779124682       -11.145440725
4997.4688986336905       -11.144872849999999
4978.435673844301       -11.1442744
4959.759294996584       -11.143643574999999
4941.416943063982       -11.14297855000001
4923.362347872916       -11.142262400000007
4905.5725160074235       -11.1414963
4888.073189407337       -11.1406858
4871.027708134998       -11.139843550000009
4854.636311661605       -11.138978524999999
4838.5351458640625       -11.13804660000001
4822.780541580116       -11.1370541
4807.409307975496       -11.136005975000003
4792.420309852986       -11.134887724999999
4777.799272705819       -11.133696350000008
4763.550788692657       -11.132438975
4749.676162305613       -11.131109450000011
4736.153832144285       -11.129685225000003
4723.35730896253       -11.128237275000004
4710.93378487312       -11.126687950000004
4698.792858339861       -11.125015825000006
4686.935748762355       -11.123225849999997
4675.358310707707       -11.121339300000002
4664.055396090462       -11.119374524999998
4653.080863721111       -11.117342675000003
4642.669837472855       -11.11535155
4632.487968046018       -11.113304600000006
4622.568973484481       -11.111241500000006
4612.911259666324       -11.109175900000011
4603.606557367838       -11.107161625000003
4594.807274806959       -11.105264175000002
4586.2233379866875       -11.103321125000008
4578.065479048866       -11.101527600000011
4570.553532794916       -11.1001622
4563.3785848486295       -11.098857875000007
4556.554823710587       -11.097799800000004
4549.969652513544       -11.09668945
4543.657637002392       -11.095814725000011
4537.600949042853       -11.095070274999998
4531.782938200736       -11.094460049999995
4526.205833281501       -11.094120075000006
4520.806305160453       -11.093697925
4515.617006608148       -11.093852124999998
4510.624764839548       -11.093947025000006
4505.7687642905385       -11.094017074999996
4501.077596091575       -11.094776775
4496.57042815481       -11.09547615000001
4492.189826888524       -11.096137100000007
4487.932330901813       -11.097283625000003
4483.82857123371       -11.098684325000008
4479.865755056584       -11.099944900000011
4476.014657164284       -11.101145450000004
4472.263667820581       -11.102971175000008
4468.66501687102       -11.104816225000008
4465.183384411078       -11.106476100000009
4461.800008712377       -11.108031875000009
4458.506457593316       -11.110067300000011
4455.347674438892       -11.112210900000008
4452.303897699974       -11.114110975000003
4449.34313508371       -11.115890550000003
4446.468295216287       -11.117587375
4443.684330031616       -11.119729225
4441.02788401471       -11.121873425000004
4438.4629605770715       -11.1237749
4435.966931665988       -11.125550125000004
4433.541724414807       -11.127236525
4431.19436641442       -11.128974025000005
4428.960428453183       -11.131024525
4426.813238038235       -11.13279952500001
4424.722105069363       -11.134449450000005
4422.6950979739895       -11.136006025
4420.72907578055       -11.137483549999999
4418.846342409784       -11.139024649999996
4417.072218813263       -11.140668200000007
4415.35269082524       -11.14213525000001
4413.685662653       -11.143519150000003
4412.076154917281       -11.144840650000006
4410.527151825465       -11.1461118
4409.074122851374       -11.147421925000003
4407.741331498299       -11.148768125000004
4406.473878746716       -11.150017274999996
4405.335613052952       -11.151156900000004
4404.3406323750805       -11.152173250000004
4403.794046500328       -11.152742375000003
4403.372238104844       -11.153221975000008
4403.070102120423       -11.153631525000009
4402.855172362435       -11.153921175000008
4402.704119518221       -11.15413500000001
4402.589566118639       -11.15431227500001
4402.5196190482675       -11.154447474999998
4402.497317317453       -11.154542849999999
4402.518605330782       -11.154612150000005
4402.5723326792895       -11.154681700000012
4402.647349319333       -11.154787075000002
4402.779138403817       -11.1549902
4402.917014283728       -11.155197000000001
4402.987981493236       -11.1553064
4403.059963688514       -11.155419050000006
4403.131947060595       -11.155536575
4403.205959360303       -11.1556578
4403.2505701144655       -11.155732150000006
4403.295181320594       -11.155806625000011
4403.340806885269       -11.155881750000006
4403.391502511605       -11.155977475
4403.448282306014       -11.156063700000004
4403.489853691175       -11.15612385
4403.5324394194895       -11.156182725000008
4403.5750255596495       -11.156241075000011
4403.618626082194       -11.156299050000001
4403.66222703644       -11.156356700000003
4403.714954348495       -11.15642545
4403.753486245017       -11.156475175000011
4403.792018478688       -11.156524450000006
4403.829537030172       -11.156573625000007
4403.868069929277       -11.156622675000008
4403.906603165539       -11.156671625000001
4403.953249113172       -11.15673012500001
4404.008008029957       -11.156800224999998
4404.073922443946       -11.156884175000002
4404.152006949367       -11.156984675000004
4404.207782443717       -11.157057375000008
4404.262544525373       -11.15713202500001
4404.32136381597       -11.157224025000005
4404.382212184596       -11.157303650000003
4404.419735764294       -11.157350725
4404.45624550003       -11.15739627500001
4404.493769710458       -11.157441625000004
4404.530280059891       -11.157486750000004
4404.567804901064       -11.157531675000001
4404.6114152532855       -11.157585249999997
4404.642855542512       -11.1576242
4404.673281842538       -11.157662575000003
4404.704722573367       -11.157700974999997
4404.735149300756       -11.15773935
4404.765576238327       -11.157777700000011
4404.802088840852       -11.157823524999998
4404.827444992905       -11.157856925000004
4404.85381554587       -11.15788987500001
4404.879171995682       -11.157922875000011
4404.904528591462       -11.157955900000005
4404.9288710607325       -11.157988924999998
4404.9592993364895       -11.158028450000003
4404.980599254582       -11.158057275000004
4405.001899275671       -11.158085725000007
4405.022185105796       -11.158114275000003
4405.043485327972       -11.158142824999999
4405.063771349612       -11.158171425000006
4405.088114698888       -11.15820565
4405.117529758754       -11.1582468
4405.137816121377       -11.158276775000004
4405.158102577428       -11.15830637500001
4405.178389126896       -11.158336000000006
4405.198675769792       -11.158365674999999
4405.210847800369       -11.158383725000007
4405.223019864579       -11.158401425000008
4405.235191962426       -11.158419200000012
4405.2463497483295       -11.158437000000006
4405.258521910635       -11.158454825000007
4405.272722809168       -11.158476175000004
4405.2889524635475       -11.158501850000007
4405.308225255783       -11.158532725
4405.3315555907775       -11.15856980000001
4405.358943532991       -11.158614400000005
4405.379231007369       -11.1586468
4405.398504194565       -11.158678925000004
4405.417777466081       -11.158711150000002
4405.436036432667       -11.158743450000003
4405.447194727278       -11.158763024999999
4405.458353050151       -11.158782325000004
4405.469511401287       -11.158801700000012
4405.480669780684       -11.158821125000003
4405.491828188345       -11.158840550000008
4405.504001028934       -11.158863850000003
4405.520231535375       -11.158891875000009
4405.538490926599       -11.158925550000006
4405.550663896121       -11.158949974999999
4405.56385131773       -11.158974150000006
4405.577038778813       -11.15899850000001
4405.589211854848       -11.15902285
4405.601384964522       -11.159047200000003
4405.61660139891       -11.159076350000007
4405.633846754756       -11.159111375000009
4405.654135495112       -11.15915347500001
4405.669352111699       -11.159183925000008
4405.683554334594       -11.159214175000002
4405.697756603272       -11.159244549999997
4405.711958917733       -11.1592749
4405.725146822157       -11.159305225000011
4405.741378143331       -11.159341575
4405.753551673452       -11.159367924999998
4405.7647107722805       -11.1593941
4405.775869899374       -11.159420300000008
4405.787029054731       -11.159446500000001
4405.798188238353       -11.159472725
4405.811376400892       -11.159504150000004
4405.820506690389       -11.159526925000009
4405.829636998812       -11.159549550000008
4405.838767326151       -11.159572225000005
4405.847897672411       -11.159594900000002
4405.852970095178       -11.159608599999999
4405.858042523783       -11.159622174999996
4405.863114958229       -11.159635775000012
4405.868187398515       -11.159649375
4405.87325984464       -11.159663000000009
4405.8793467876985       -11.159679324999999
4405.886448231892       -11.159698950000006
4405.8955786769675       -11.1597225
4405.905723638125       -11.159750799999998
4405.9168831223815       -11.159784775000006
4405.926013630528       -11.159809375000009
4405.934129653651       -11.159833849999998
4405.942245691725       -11.159858374999999
4405.950361744749       -11.1598829
4405.957463303405       -11.159907474999997
4405.966593895648       -11.159936950000002
4405.979782562282       -11.15996835
4405.9929712684       -11.16001042500001
4406.006160013996       -11.160066225000008
4406.0213778464295       -11.16013015
4406.039639314734       -11.160205175000002
4406.059929923838       -11.160295024999996
4406.082249701785       -11.160402900000008
4406.096453255707       -11.160480575000008
4406.110656855416       -11.16055787500001
4406.1228314058935       -11.160634975000008
4406.133991440051       -11.160711925000001
4406.144136950179       -11.1607889
4406.155297038301       -11.160880550000002
4406.16341348378       -11.16099475
4406.1695008277       -11.161132625000008
4406.1695008277       -11.161300449999999
4406.166457154689       -11.161413550000006
4406.161384371007       -11.161525824999998
4406.154282483669       -11.161638425000007
4406.144136950179       -11.161751975000001
4406.131962340833       -11.161866425
4406.114715035169       -11.162004825000011
4406.103555049835       -11.162102200000007
4406.0873223943545       -11.162207625000008
4406.070075263434       -11.162311775000006
4406.050799138179       -11.1624147
4406.031523097256       -11.162517000000008
4406.009203576278       -11.162636475
4405.977753534079       -11.162784650000006
4405.937173166177       -11.162957675000001
4405.884419246671       -11.163162525000004
4405.821521168171       -11.163374325000007
4405.752537211326       -11.163587450000009
4405.675438773047       -11.163802950000004
4405.593269554337       -11.164020950000008
4405.505015433837       -11.164240925000001
4405.411691160705       -11.164462125
4405.314311418221       -11.164683875000009
4405.213890813268       -11.164905700000006
4405.110429553909       -11.1651272
4405.003927854482       -11.165348375000008
4404.894385935634       -11.165569200000007
4404.781804024306       -11.165789750000002
4404.667196565715       -11.166010100000008
4404.549549532994       -11.166230374999998
4404.429877327194       -11.166450699999999
4404.308180113568       -11.166671125000008
4404.183443959319       -11.16689177500001
4404.0566831942515       -11.167112650000007
4403.928912035374       -11.167333775000003
4403.798102546407       -11.167555199999995
4403.666282961109       -11.167776900000007
4403.533453370419       -11.167998950000012
4403.391502511605       -11.168221175
4403.236375734567       -11.168443625000009
4403.079226729098       -11.168666575000003
4402.921069522032       -11.168889875000005
4402.761904222409       -11.169113525
4402.601730939974       -11.169337550000009
4402.440549785155       -11.169561924999996
4402.27836086908       -11.169786775000006
4402.115164303565       -11.170012050000011
4401.950960201112       -11.170237825000001
4401.786762223667       -11.17046412500001
4401.621556860068       -11.170691000000005
4401.455344224202       -11.170918375
4401.288124430642       -11.17114635
4401.119897594664       -11.171374900000004
4400.951677188681       -11.171604075000005
4400.782449894724       -11.171833875000004
4400.613229107973       -11.17206435
4400.443001588606       -11.172295474999999
4400.2717674539645       -11.172527224999996
4400.10053998254       -11.172759675000009
4399.9293191740835       -11.172992800000003
4399.75607886531       -11.1732267
4399.584871460845       -11.173459875000006
4399.40961871069       -11.173696875000005
4399.2363988643065       -11.173931100000004
4399.062172916569       -11.174168800000004
4398.887953868816       -11.174404550000006
4398.713741720782       -11.174643474999996
4398.538523671148       -11.17488035000001
4398.363312601137       -11.175120475
4398.187095790352       -11.175358450000004
4398.0118987190945       -11.175599750000003
4397.835695987417       -11.175838825
4397.659500315158       -11.176081300000007
4397.4822991442       -11.176321549999997
4397.306117630491       -11.176565275000002
4397.128930698886       -11.176806600000006
4396.9517509069265       -11.177051800000001
4396.774578254321       -11.177294150000009
4396.649043096217       -11.177528100000004
4396.532622564341       -11.177725750000008
4396.414180491191       -11.177855175000005
4396.286631057757       -11.17808755
4396.215771860391       -11.178205950000006
4396.1449138051275       -11.178322675000004
4396.076081359337       -11.17838085000001
4395.9940911759895       -11.178533850000008
4395.9202000986215       -11.178657700000002
4395.833151929722       -11.178740925
4395.718777304977       -11.178887650000007
4395.573029883255       -11.179077974999998
4395.396924862849       -11.179290925000004
4395.172249390613       -11.179609650000003
4394.904070732906       -11.179975325000001
4394.580254163746       -11.180415850000003
4394.184623179713       -11.180953700000003
4393.710115351486       -11.181665600000002
4393.120340168823       -11.182546925000011
4392.371854466243       -11.183680025000001
4391.427326185895       -11.185157575000005
4390.2676747826135       -11.187108550000005
4388.85062664309       -11.189592775000008
4387.248154922536       -11.192745025000008
4386.150203605706       -11.195102175000002
4384.82333213735       -11.197587550000009
4385.590727873003       -11.202044049999998
4386.028001550764       -11.198964525000008
4385.687671624465       -11.202310275000002
4384.815255001718       -11.207925924999998
4384.721359391812       -11.209535625000001
4384.40636945247       -11.212305275000006
4383.2677484520345       -11.218107674999999
4381.429217420322       -11.226882150000009
4387.429994910442       -11.201266900000007
4390.549723963003       -11.188205475000004
4370.548057535383       -11.280630700000003
4365.792595947531       -11.299987475000009
4365.510126774372       -11.300411050000008
4365.895133762943       -11.298196575000006
4361.6378203806       -11.317546774999997
4353.041424310451       -11.35750345000001
4345.503459441118       -11.392545600000005
4342.036800964088       -11.408169475000008
4341.164071209076       -11.411888250000004
4341.520939495027       -11.409968800000001
4342.436735749927       -11.40545547500001
4343.676767700586       -11.39941605
4345.18528374073       -11.392075250000005
4346.9525540895065       -11.3834813
4343.740778958634       -11.398412074999996
4346.407085381668       -11.384625549999996
4350.958089684056       -11.362112550000006
4355.920050280253       -11.337617774999998
4360.36856455856       -11.315588725000012
4364.934187544967       -11.292696950000007
4369.115241675963       -11.271304400000005
4371.637070250656       -11.256443349999998
4374.129131705034       -11.240865975000006
4376.615559488093       -11.22482140000001
4377.531702815256       -11.215063600000008
4376.708273743764       -11.212839150000008
4368.351734689974       -11.24566510000001
4362.656303756549       -11.268374075000011
4357.680649327322       -11.288524975000001
4353.353158493925       -11.306325725000008
4349.664899848031       -11.321758625000001
4346.713340118944       -11.334348200000008
4344.539998913203       -11.343854500000006
4343.092708545121       -11.350433100000004
4342.284756192086       -11.354408724999999
4341.945820943444       -11.356426225000007
4341.788859894944       -11.357648350000005
4341.752869626212       -11.358317775000003
4341.824850462016       -11.358539025000013
4341.993810167309       -11.358353250000008
4342.21776689182       -11.357907225000005
4342.471731796277       -11.35729160000001
4342.700712887706       -11.356770700000013
4342.926706064924       -11.356248800000003
4343.153711050753       -11.355687549999999
4343.400729955639       -11.355017350000011
4343.65876470422       -11.354261625000007
4343.913814111854       -11.353468400000011
4344.181882178903       -11.352586925000011
4344.404951426176       -11.351867350000006
4344.611025572351       -11.351172675
4344.805104336781       -11.350486500000002
4344.995189880628       -11.34976725
4345.188285289424       -11.348987825000009
4345.3863920876365       -11.348140425000011
4345.586509134062       -11.347238950000005
4345.7516126352175       -11.346447375000011
4345.895708089594       -11.345703749999998
4346.031802628053       -11.344953350000011
4346.160896239045       -11.344192425000003
4346.293996767471       -11.34336725
4346.439111010577       -11.342453475
4346.5772242383655       -11.341542875000002
4346.689319359698       -11.340726400000008
4346.790407617662       -11.339927924999998
4346.889496409519       -11.33911565000001
4346.991590254567       -11.33827135
4347.103696062099       -11.33736110000001
4347.225814606592       -11.33640505000001
4347.3339224102465       -11.335518750000006
4347.435025659344       -11.334667600000003
4347.536131259737       -11.333815200000004
4347.644246780416       -11.332944124999997
4347.765379399936       -11.332022199999997
4347.899530206167       -11.3310685
4348.032683979999       -11.330155950000005
4348.164840629577       -11.329284299999998
4348.3020074608075       -11.328414725000002
4348.450192549397       -11.327535275000002
4348.614403545968       -11.326625225
4348.796644960095       -11.325679899999997
4348.984902352119       -11.324768950000006
4349.177173632077       -11.32389937500001
4349.378466735754       -11.323037925000008
4349.593790567033       -11.322173175000003
4349.823147208814       -11.321296800000013
4350.071547081887       -11.3204049
4350.32997813344       -11.319524299999998
4350.595436863669       -11.318683974999999
4350.8699282063635       -11.317863550000013
4351.156459540483       -11.317049825000012
4351.458039122104       -11.3162205
4351.776674144296       -11.315375825000004
4352.099340928278       -11.314582150000007
4352.428044734119       -11.31380617500001
4352.765793709107       -11.313038724999998
4353.112589955048       -11.312272950000008
4353.469438053445       -11.311503325000004
4353.79523784325       -11.311002525000006
4354.197258261879       -11.309948875000003
4354.66248532388       -11.308639325000001
4355.170882931576       -11.30718125
4355.707422086628       -11.305645825
4356.260076366757       -11.304095075000006
4356.798756085477       -11.302705500000002
